   1           "mj"   90  57682.988281
   2           "pb"   90  62295.996094
   3   "pavel_rada"   90  33900.996094
   4 "otomar_nemecek"   90  37412.996094
   5      "dvorsky"   90  39041.996094
   6 "martin_jiricek"   90  33287.984375
   7    "kounovsky"   90  31793.994141
   8       "vaclav"   90  36002.992188
   9        "tomas"   90  33682.992188
  10        "cerny"   90  64295.992188
  11        "smola"   90  26474.992188
  12        "fejgl"   90  27208.994141
  13        "kasal"   90  48582.992188
  14       "blazek"   90  51993.988281
  15 "frantisek_vlas"   90  39192.992188
  16      "nozicka"   90  40109.996094
  17     "motejlek"   90  59098.992188
  18 "martin_paroubek"  101  48157.992188
  19          "jan"   90  32215.994141
  20        "david"   90  32395.994141
  21          "mak"   90  63713.984375
  22          "mar"   91  58815.992188
  23         "mpch"   90  56948.992188
  24          "mfd"   90  80354.992188
  25          "mfl"   90  52031.996094
  26          "mjb"   91  51177.992188
  27          "mjl"   93  57113.996094
  28          "mjs"   90  64454.992188
  29          "mjt"   90  50864.992188
  30          "mkk"   90  75332.984375
  31          "mms"   89  46705.992188
  32          "mos"   90  57065.992188
  33          "mpm"   90  60392.988281
  34          "mpn"   90  77162.984375
  35          "mps"   90  66389.992188
  36          "mpz"   90  55841.992188
  37         "mps2"   90  56960.992188
  38          "mvl"   90  46018.988281
  39          "mzs"   90  73016.984375
  40         "mvl2"   92  59210.992188
  41      "polacek"   90  71610.992188
  42          "zab"   90  75743.992188
  43          "zas"   90  54749.996094
  44          "zbs"   90  65534.992188
  45          "zhl"   90  70040.992188
  46          "zhn"   90  46871.992188
  47          "zht"   90  60470.992188
  48          "zil"   88  60075.992188
  49          "zjh"   90  58616.988281
  50          "zjs"   90  51248.992188
  51          "zkc"   91  51273.992188
  52          "zkk"   90  57035.992188
  53          "zkn"   91  47281.992188
  54          "zkv"   90  68110.992188
  55          "zlg"   90  49289.992188
  56          "zlj"   90  77429.992188
  57          "zlk"   90  71771.992188
  58          "zlr"   90  55256.996094
  59          "zls"   90  68243.984375
  60          "zlt"   90  58004.992188
  61          "zmd"   90  61748.996094
  62          "zmh"   90  67382.992188
  63          "zmn"   90  70517.992188
  64          "zmt"   90  55829.992188
  65          "znm"   91  87495.992188
  66          "zrh"   90  71315.992188
  67          "zss"   90  49859.992188
  68          "ztk"   89  62839.992188
  69          "ztv"   88  52293.992188
  70  "michal_rott"   88  40029.996094
  71     "jan_hybs"   92  46759.988281
  72        "trnka"   90  40785.992188
  73 "martin_beranek"   87  38702.988281
  74      "safarik"   90  48739.996094
  75      "foldyna"   90  61136.988281
  76 "radek_safarik"   90  40434.996094
  77       "vratny"   90  57469.996094
  78    "svarovsky"   90  61343.992188
  79  "jan_kanajlo"   90  66352.992188
  80        "dutka"   90  53322.992188
  81   "ales_russe"   91  42642.988281
  82 "lukas_mateju"   91  31899.992188
  83        "vacek"   90  44892.000000
  84        "horky"   90  60902.992188
  85        "kolar"   90  57059.992188
  86       "breuer"   90  51769.996094
  87        "kovar"   90  41658.996094
  88      "linhart"   90  59159.992188
  89         "zkv2"   90  51173.992188
  90       "halada"   90  73912.992188
  91 "martin_kaiser"   90  41980.992188
  92  "zdenek_kybl"   90  33170.992188
  93      "chmelik"   90  55849.996094
  94         "zls2"   90  61757.992188
  95         "zss2"   90  50069.992188
