   1            "a" 38377  78445.007813 83517.609375 81206.179688
   2            "b" 9294  32635.162109 21917.068359 21580.810547
   3            "d" 17140  37092.160156 35528.925781 38418.351563
   4            "e" 55694  85288.242188 92832.250000 88398.007813
   5            "f" 3989  10599.577148 15006.762695 11550.870117
   6            "g" 2526  6995.133789 5432.099609 7160.184082
   7            "h" 7446  16605.494141 16534.253906 17139.671875
   8            "i" 35374  60940.511719 68780.726563 76988.625000
   9            "k" 19717  62480.554688 50850.273438 65118.398438
  10            "l" 24774  54785.218750 48494.546875 48540.003906
  11            "m" 18939  48618.101563 56741.070313 48781.675781
  12            "n" 25185  54619.945313 55080.007813 57468.023438
  13            "o" 45258  76768.757813 80064.953125 82307.953125
  14            "p" 19114  69665.554688 46023.082031 43116.546875
  15            "r" 19433  37669.347656 35581.781250 35409.492188
  16            "s" 26908  93644.843750 122383.593750 87416.421875
  17            "t" 27407  77318.921875 61883.484375 79955.421875
  18            "u" 17895  43483.367188 45596.347656 46828.015625
  19            "v" 21472  45882.894531 39536.062500 40461.554688
  20            "x" 5484  15953.888672 22919.068359 18456.683594
  21            "y" 16069  33334.289063 34331.152344 37672.148438
  22            "z" 10611  34259.832031 36651.066406 31818.103516
  23           "aa" 12886  40864.648438 75643.132813 48341.523438
  24           "ch" 5709  27939.658203 28673.876953 21491.146484
  25           "dg"  232  1285.253174 1040.455322 950.926453
  26           "dj" 3597  12173.149414 12030.641602 10949.717773
  27           "dz"  284  1040.233154 1094.907715 1029.719971
  28           "ee" 6604  17625.923828 29815.027344 21515.429688
  29           "ii" 22811  62374.164063 74061.515625 61238.675781
  30           "n0"    0    0.000000   0.000000   0.000000
  31           "n1"    0    0.000000   0.000000   0.000000
  32           "n2"    0    0.000000   0.000000   0.000000
  33           "n3"    0    0.000000   0.000000   0.000000
  34           "n4"    0    0.000000   0.000000   0.000000
  35           "n5"    0    0.000000   0.000000   0.000000
  36           "mg"  172  554.618774 558.199524 512.945374
  37           "ng"  692  2447.976318 2190.113281 1959.296997
  38           "nj" 12506  42998.406250 33809.945313 38321.996094
  39           "oo"  267  1124.225952 1677.136963 1211.493408
  40           "rs" 3762  14649.261719 12567.580078 9857.347656
  41           "rz" 2991  9824.310547 9788.583984 9650.219727
  42           "sh" 6112  23271.099609 30355.544922 21263.644531
  43           "si" 34432  681756.750000 414455.093750 332951.500000
  44           "tj" 5250  21395.828125 18639.062500 12676.244141
  45           "ts" 8667  38719.761719 37943.089844 29345.335938
  46           "uu" 3902  14608.101563 18191.572266 14529.282227
  47           "zh" 4943  17998.410156 19710.390625 16371.931641
  48          "swa"    0    0.000000   0.000000   0.000000
