   1           "mj"   90  57682.968750
   2           "pb"   90  62295.976563
   3   "pavel_rada"   90  33900.984375
   4 "otomar_nemecek"   90  37412.980469
   5      "dvorsky"   90  39041.972656
   6 "martin_jiricek"   90  33287.968750
   7    "kounovsky"   90  31793.978516
   8       "vaclav"   90  36002.980469
   9        "tomas"   90  33682.964844
  10        "cerny"   90  64295.972656
  11        "smola"   90  26474.978516
  12        "fejgl"   90  27208.972656
  13        "kasal"   90  48582.976563
  14       "blazek"   90  51993.976563
  15 "frantisek_vlas"   90  39192.976563
  16      "nozicka"   90  40109.976563
  17     "motejlek"   90  59098.972656
  18 "martin_paroubek"  101  48157.976563
  19          "jan"   90  32215.982422
  20        "david"   90  32395.972656
  21          "mak"   90  63713.964844
  22          "mar"   91  58815.980469
  23         "mpch"   90  56948.980469
  24          "mfd"   90  80354.976563
  25          "mfl"   90  52031.968750
  26          "mjb"   91  51177.968750
  27          "mjl"   93  57113.976563
  28          "mjs"   90  64454.976563
  29          "mjt"   90  50864.984375
  30          "mkk"   90  75332.968750
  31          "mms"   89  46705.980469
  32          "mos"   90  57065.976563
  33          "mpm"   90  60392.968750
  34          "mpn"   90  77162.945313
  35          "mps"   90  66389.968750
  36          "mpz"   90  55841.972656
  37         "mps2"   90  56960.980469
  38          "mvl"   90  46018.968750
  39          "mzs"   90  73016.968750
  40         "mvl2"   92  59210.968750
  41      "polacek"   90  71610.968750
  42          "zab"   90  75743.984375
  43          "zas"   90  54749.980469
  44          "zbs"   90  65534.984375
  45          "zhl"   90  70040.976563
  46          "zhn"   90  46871.968750
  47          "zht"   90  60470.976563
  48          "zil"   88  60075.980469
  49          "zjh"   90  58616.980469
  50          "zjs"   90  51248.972656
  51          "zkc"   91  51273.976563
  52          "zkk"   90  57035.980469
  53          "zkn"   91  47281.984375
  54          "zkv"   90  68110.976563
  55          "zlg"   90  49289.972656
  56          "zlj"   90  77429.976563
  57          "zlk"   90  71771.976563
  58          "zlr"   90  55256.984375
  59          "zls"   90  68243.984375
  60          "zlt"   90  58004.972656
  61          "zmd"   90  61748.980469
  62          "zmh"   90  67382.976563
  63          "zmn"   90  70517.976563
  64          "zmt"   90  55829.980469
  65          "znm"   91  87495.976563
  66          "zrh"   90  71315.968750
  67          "zss"   90  49859.984375
  68          "ztk"   89  62839.984375
  69          "ztv"   88  52293.980469
  70  "michal_rott"   88  40029.968750
  71     "jan_hybs"   92  46759.968750
  72        "trnka"   90  40785.976563
  73 "martin_beranek"   87  38702.976563
  74      "safarik"   90  48739.976563
  75      "foldyna"   90  61136.957031
  76 "radek_safarik"   90  40434.964844
  77       "vratny"   90  57469.992188
  78    "svarovsky"   90  61343.968750
  79  "jan_kanajlo"   90  66352.976563
  80        "dutka"   90  53322.972656
  81   "ales_russe"   91  42642.980469
  82 "lukas_mateju"   91  31899.980469
  83        "vacek"   90  44891.964844
  84        "horky"   90  60902.976563
  85        "kolar"   90  57059.964844
  86       "breuer"   90  51769.964844
  87        "kovar"   90  41658.972656
  88      "linhart"   90  59159.980469
  89         "zkv2"   90  51173.976563
  90       "halada"   90  73912.968750
  91 "martin_kaiser"   90  41980.980469
  92  "zdenek_kybl"   90  33170.980469
  93      "chmelik"   90  55849.960938
  94         "zls2"   90  61757.980469
  95         "zss2"   90  50069.976563
