   1            "a" 38377  77466.500000 85924.375000 88656.171875
   2            "b" 9294  22243.451172 26658.632813 25565.050781
   3            "d" 17140  37613.269531 39532.628906 31523.548828
   4            "e" 55694  101715.492188 79981.257813 93414.687500
   5            "f" 3989  10132.246094 14857.054688 11267.318359
   6            "g" 2526  5622.404785 6117.869629 7501.344727
   7            "h" 7446  15598.362305 16950.791016 16445.564453
   8            "i" 35374  74554.640625 58781.695313 74353.125000
   9            "k" 19717  66573.976563 55856.863281 49133.519531
  10            "l" 24774  52904.472656 48793.480469 49832.339844
  11            "m" 18939  45751.605469 56653.695313 48188.023438
  12            "n" 25185  53295.480469 61335.519531 48512.308594
  13            "o" 45258  78375.148438 83968.015625 82823.531250
  14            "p" 19114  61845.941406 48660.562500 42388.109375
  15            "r" 19433  37582.062500 35187.082031 32868.585938
  16            "s" 26908  77077.390625 107952.421875 118215.726563
  17            "t" 27407  90600.789063 72323.906250 56697.375000
  18            "u" 17895  51614.488281 39652.988281 40833.175781
  19            "v" 21472  43878.820313 37518.304688 41045.492188
  20            "x" 5484  13696.042969 20950.484375 21373.255859
  21            "y" 16069  34145.113281 34317.339844 37912.378906
  22            "z" 10611  31674.857422 37058.175781 32464.472656
  23           "aa" 12886  40488.089844 80030.164063 49566.453125
  24           "ch" 5709  26520.460938 24691.878906 26269.478516
  25           "dg"  232  1426.725342 899.901001 790.758423
  26           "dj" 3597  12379.199219 11460.386719 10829.836914
  27           "dz"  284  1010.129517 1038.231079 1023.388733
  28           "ee" 6604  16698.708984 31534.304688 21169.492188
  29           "ii" 22811  73185.578125 66164.804688 59758.949219
  30           "n0"    0    0.000000   0.000000   0.000000
  31           "n1"    0    0.000000   0.000000   0.000000
  32           "n2"    0    0.000000   0.000000   0.000000
  33           "n3"    0    0.000000   0.000000   0.000000
  34           "n4"    0    0.000000   0.000000   0.000000
  35           "n5"    0    0.000000   0.000000   0.000000
  36           "mg"  172  549.868286 583.139038 490.029175
  37           "ng"  692  2937.425293 1926.782837 1741.956787
  38           "nj" 12506  40260.425781 33536.007813 38039.074219
  39           "oo"  267  1233.889282 1845.713379 901.123535
  40           "rs" 3762  12526.448242 13621.416992 9940.460938
  41           "rz" 2991  9311.235352 10651.481445 8831.021484
  42           "sh" 6112  22093.658203 31438.673828 21379.412109
  43           "si" 34432  457346.343750 313523.125000 675533.375000
  44           "tj" 5250  23262.365234 17793.134766 11574.515625
  45           "ts" 8667  36424.375000 37359.132813 31957.792969
  46           "uu" 3902  13483.512695 17756.003906 14170.502930
  47           "zh" 4943  15279.614258 18053.953125 19348.421875
  48          "swa"    0    0.000000   0.000000   0.000000
