   1            "a" 38377  77658.796875 86634.437500 89038.078125
   2            "b" 9294  22129.804688 26738.626953 25348.445313
   3            "d" 17140  37434.609375 39626.011719 31376.025391
   4            "e" 55694  101910.820313 80576.781250 93560.062500
   5            "f" 3989  10084.399414 14891.661133 11211.500977
   6            "g" 2526  5520.168457 6120.490723 7534.942871
   7            "h" 7446  15519.694336 16895.814453 16461.783203
   8            "i" 35374  74405.953125 59201.718750 74384.804688
   9            "k" 19717  66938.085938 55706.593750 48810.515625
  10            "l" 24774  52578.445313 48849.199219 49776.937500
  11            "m" 18939  45494.957031 57083.226563 47303.933594
  12            "n" 25185  52805.058594 61505.742188 48060.050781
  13            "o" 45258  78136.085938 84462.296875 83157.968750
  14            "p" 19114  62114.960938 48569.566406 42184.816406
  15            "r" 19433  37438.433594 34979.707031 32951.042969
  16            "s" 26908  76716.453125 107895.304688 118658.164063
  17            "t" 27407  90714.445313 73255.226563 55794.011719
  18            "u" 17895  51547.960938 40054.308594 40474.472656
  19            "v" 21472  43917.121094 37178.785156 41028.449219
  20            "x" 5484  13582.155273 20624.841797 21529.408203
  21            "y" 16069  33691.128906 34673.750000 37870.292969
  22            "z" 10611  31321.912109 37005.886719 32636.753906
  23           "aa" 12886  40492.480469 80517.414063 49551.539063
  24           "ch" 5709  26412.890625 24478.707031 26203.570313
  25           "dg"  232  1404.346924 899.978943 776.724243
  26           "dj" 3597  12328.569336 11386.884766 10796.147461
  27           "dz"  284  1011.805847 1029.379517 1026.899536
  28           "ee" 6604  16721.986328 31716.679688 21203.869141
  29           "ii" 22811  73006.257813 66892.914063 59412.660156
  30           "n0"    0    0.000000   0.000000   0.000000
  31           "n1"    0    0.000000   0.000000   0.000000
  32           "n2"    0    0.000000   0.000000   0.000000
  33           "n3"    0    0.000000   0.000000   0.000000
  34           "n4"    0    0.000000   0.000000   0.000000
  35           "n5"    0    0.000000   0.000000   0.000000
  36           "mg"  172  550.341248 581.563599 490.694794
  37           "ng"  692  2934.295166 1927.364380 1724.985718
  38           "nj" 12506  40161.863281 33439.226563 37947.003906
  39           "oo"  267  1235.828369 1859.988159 888.845520
  40           "rs" 3762  12377.227539 13726.832031 9888.415039
  41           "rz" 2991  9225.578125 10623.264648 8769.406250
  42           "sh" 6112  21934.992188 31467.904297 21218.378906
  43           "si" 34432  456855.562500 314834.718750 676193.937500
  44           "tj" 5250  23357.734375 17784.130859 11395.026367
  45           "ts" 8667  36483.078125 37348.367188 31945.716797
  46           "uu" 3902  13383.017578 17849.126953 14197.126953
  47           "zh" 4943  15185.858398 17951.441406 19303.271484
  48          "swa"    0    0.000000   0.000000   0.000000
