   1            "a" 38377  78407.828125 89451.937500 83540.773438
   2            "b" 9294  31790.910156 21892.511719 20801.845703
   3            "d" 17140  35384.628906 36384.472656 37057.222656
   4            "e" 55694  89633.078125 95307.625000 88585.257813
   5            "f" 3989  10313.818359 14716.799805 11121.122070
   6            "g" 2526  6739.891602 5428.794922 7002.249512
   7            "h" 7446  15699.261719 16928.488281 16502.212891
   8            "i" 35374  60553.156250 71832.320313 74191.882813
   9            "k" 19717  59971.562500 47709.250000 66173.562500
  10            "l" 24774  52293.011719 49229.601563 49115.730469
  11            "m" 18939  47227.542969 58523.246094 44786.722656
  12            "n" 25185  49693.843750 57090.871094 55198.507813
  13            "o" 45258  81674.531250 81932.851563 82293.765625
  14            "p" 19114  70283.679688 45284.648438 43065.101563
  15            "r" 19433  37018.824219 35573.703125 34410.175781
  16            "s" 26908  92307.914063 124382.500000 89103.257813
  17            "t" 27407  78708.179688 59125.261719 79278.562500
  18            "u" 17895  42781.101563 48108.457031 44523.496094
  19            "v" 21472  42021.671875 39911.347656 40618.171875
  20            "x" 5484  14758.617188 22934.509766 18006.472656
  21            "y" 16069  31910.166016 33679.109375 40843.468750
  22            "z" 10611  31735.939453 36950.652344 31161.736328
  23           "aa" 12886  40375.859375 79974.718750 49217.777344
  24           "ch" 5709  27560.529297 29242.652344 20712.107422
  25           "dg"  232  1266.666626 1046.509521 862.534180
  26           "dj" 3597  11921.232422 11599.473633 10741.986328
  27           "dz"  284  986.841248 1079.105591 1010.645325
  28           "ee" 6604  16182.262695 31895.484375 21251.521484
  29           "ii" 22811  60826.941406 78198.335938 60606.800781
  30           "n0"    0    0.000000   0.000000   0.000000
  31           "n1"    0    0.000000   0.000000   0.000000
  32           "n2"    0    0.000000   0.000000   0.000000
  33           "n3"    0    0.000000   0.000000   0.000000
  34           "n4"    0    0.000000   0.000000   0.000000
  35           "n5"    0    0.000000   0.000000   0.000000
  36           "mg"  172  537.015503 565.236206 495.439026
  37           "ng"  692  2258.248779 2263.893311 1846.114990
  38           "nj" 12506  44178.062500 31784.962891 36411.390625
  39           "oo"  267  1103.357422 1778.892212 1167.558472
  40           "rs" 3762  14152.474609 12509.021484 9513.337891
  41           "rz" 2991  9382.464844 9832.172852 9360.444336
  42           "sh" 6112  22417.785156 31389.238281 20593.343750
  43           "si" 34432  667665.562500 422087.718750 349460.406250
  44           "tj" 5250  22151.304688 17909.974609 11749.465820
  45           "ts" 8667  39556.539063 37714.261719 28882.755859
  46           "uu" 3902  14230.850586 18397.048828 14303.561523
  47           "zh" 4943  17322.947266 19744.935547 15736.463867
  48          "swa"    0    0.000000   0.000000   0.000000
