   1            "a" 38377  80592.460938 91419.007813 81721.054688
   2            "b" 9294  30989.804688 21759.318359 20354.421875
   3            "d" 17140  34953.734375 35687.937500 37665.097656
   4            "e" 55694  93516.867188 95538.609375 85349.640625
   5            "f" 3989  10417.068359 14632.926758 10874.958008
   6            "g" 2526  6603.210938 5427.731934 7059.522949
   7            "h" 7446  15230.182617 17009.937500 16496.453125
   8            "i" 35374  58536.363281 73098.195313 74030.781250
   9            "k" 19717  60244.468750 47498.652344 64932.894531
  10            "l" 24774  52130.234375 49262.726563 50132.750000
  11            "m" 18939  44140.085938 58798.300781 44365.878906
  12            "n" 25185  47997.722656 57024.890625 54846.593750
  13            "o" 45258  82809.296875 83698.429688 82505.335938
  14            "p" 19114  71713.359375 43690.781250 42716.316406
  15            "r" 19433  36828.417969 34147.996094 35138.871094
  16            "s" 26908  92708.335938 127115.078125 87370.375000
  17            "t" 27407  79008.570313 59524.542969 78683.906250
  18            "u" 17895  41824.382813 49481.187500 43547.332031
  19            "v" 21472  41132.820313 39729.753906 39579.410156
  20            "x" 5484  14592.750000 23366.109375 17572.451172
  21            "y" 16069  32145.162109 33179.390625 41128.679688
  22            "z" 10611  30487.732422 37287.511719 31090.412109
  23           "aa" 12886  39939.734375 81793.843750 49689.816406
  24           "ch" 5709  28317.976563 28147.716797 20553.453125
  25           "dg"  232  1251.758911 1019.215210 812.111206
  26           "dj" 3597  11693.625977 11080.671875 10852.051758
  27           "dz"  284  974.320374 1089.858398 956.798096
  28           "ee" 6604  16053.032227 33321.515625 20267.902344
  29           "ii" 22811  60774.429688 78502.734375 61564.445313
  30           "n0"    0    0.000000   0.000000   0.000000
  31           "n1"    0    0.000000   0.000000   0.000000
  32           "n2"    0    0.000000   0.000000   0.000000
  33           "n3"    0    0.000000   0.000000   0.000000
  34           "n4"    0    0.000000   0.000000   0.000000
  35           "n5"    0    0.000000   0.000000   0.000000
  36           "mg"  172  530.065674 553.858032 478.412689
  37           "ng"  692  2166.943115 2261.657227 1819.769043
  38           "nj" 12506  42542.648438 32269.953125 35709.109375
  39           "oo"  267  1104.377319 1780.899536 1106.454102
  40           "rs" 3762  14175.629883 12447.957031 9227.500977
  41           "rz" 2991  9212.397461 10077.646484 8866.625977
  42           "sh" 6112  22210.156250 31613.169922 20046.576172
  43           "si" 34432  676143.437500 428421.468750 343112.156250
  44           "tj" 5250  22886.101563 17490.507813 11199.666992
  45           "ts" 8667  40987.386719 36382.109375 29322.605469
  46           "uu" 3902  13877.706055 18619.347656 14021.867188
  47           "zh" 4943  16543.142578 20274.125000 15478.308594
  48          "swa"    0    0.000000   0.000000   0.000000
