   1           "mj"   23  14287.000000
   2           "pb"   23  15350.000000
   3   "pavel_rada"   23  8700.000000
   4 "otomar_nemecek"   23  11219.000000
   5      "dvorsky"   23  12470.000000
   6 "martin_jiricek"   23  9278.000000
   7    "kounovsky"   23  8312.000000
   8       "vaclav"   23  8420.000000
   9        "tomas"   23  8065.999512
  10        "cerny"   23  15787.000000
  11        "smola"   23  6623.000000
  12        "fejgl"   23  6452.000000
  13        "kasal"   23  10722.000000
  14       "blazek"   23  14346.000000
  15 "frantisek_vlas"   23  11440.000000
  16      "nozicka"   23  8946.000000
  17     "motejlek"   23  14844.999023
  18 "martin_paroubek"   26  12639.000000
  19          "jan"   23  8848.000000
  20        "david"   23  8474.000000
  21          "mak"   23  15761.000000
  22          "mar"   23  14695.999023
  23         "mpch"   23  14796.000000
  24          "mfd"   23  19565.000000
  25          "mfl"   23  14099.000000
  26          "mjb"   23  13363.999023
  27          "mjl"   24  15729.000000
  28          "mjs"   23  17323.998047
  29          "mjt"   23  13871.000000
  30          "mkk"   23  17875.998047
  31          "mms"   23  12740.000000
  32          "mos"   23  15611.000000
  33          "mpm"   23  15417.000000
  34          "mpn"   23  20423.000000
  35          "mps"   23  16688.000000
  36          "mpz"   23  15317.000000
  37         "mps2"   23  14281.999023
  38          "mvl"   23  11704.999023
  39          "mzs"   23  17822.000000
  40         "mvl2"   24  15960.000000
  41      "polacek"   23  19834.000000
  42          "zab"   23  19223.000000
  43          "zas"   23  14954.000000
  44          "zbs"   23  17183.000000
  45          "zhl"   23  19108.000000
  46          "zhn"   23  12995.000000
  47          "zht"   23  15203.000000
  48          "zil"   23  15533.000000
  49          "zjh"   23  15032.000000
  50          "zjs"   23  12914.000000
  51          "zkc"   23  13601.000000
  52          "zkk"   23  14252.000000
  53          "zkn"   23  12945.000000
  54          "zkv"   23  16322.000000
  55          "zlg"   23  12434.000000
  56          "zlj"   23  18653.000000
  57          "zlk"   23  18056.000000
  58          "zlr"   23  14594.000000
  59          "zls"   23  18065.000000
  60          "zlt"   23  14921.000000
  61          "zmd"   23  16061.000000
  62          "zmh"   23  17090.000000
  63          "zmn"   23  18143.000000
  64          "zmt"   23  14276.000000
  65          "znm"   23  22484.000000
  66          "zrh"   23  17933.000000
  67          "zss"   23  13625.000000
  68          "ztk"   23  15788.000000
  69          "ztv"   23  13534.999023
  70  "michal_rott"   23  10174.999023
  71     "jan_hybs"   24  13243.999023
  72        "trnka"   23  10375.000000
  73 "martin_beranek"   22  9442.000000
  74      "safarik"   23  12215.000000
  75      "foldyna"   23  16956.000000
  76 "radek_safarik"   23  10976.000000
  77       "vratny"   23  14165.000000
  78    "svarovsky"   23  15416.999023
  79  "jan_kanajlo"   23  17355.000000
  80        "dutka"   23  12690.000000
  81   "ales_russe"   23  10970.000000
  82 "lukas_mateju"   23  8876.000000
  83        "vacek"   23  12471.000000
  84        "horky"   23  14242.000000
  85        "kolar"   23  12113.000000
  86       "breuer"   23  14934.000000
  87        "kovar"   23  10368.999023
  88      "linhart"   23  15007.000000
  89         "zkv2"   23  13664.000000
  90       "halada"   23  18200.000000
  91 "martin_kaiser"   23  11044.999023
  92  "zdenek_kybl"   23  8752.000000
  93      "chmelik"   23  13402.000000
  94         "zls2"   23  15107.000000
  95         "zss2"   23  14158.999023
