   1            "a" 38377  77094.539063 106203.382813 93011.976563
   2            "b" 9294  20182.708984 26603.949219 22848.001953
   3            "d" 17140  31332.785156 35531.718750 33151.242188
   4            "e" 55694  105014.304688 93692.257813 103196.531250
   5            "f" 3989  9278.663086 11739.499023 12840.829102
   6            "g" 2526  5003.324707 5988.311035 7301.476074
   7            "h" 7446  15818.718750 15722.234375 16409.585938
   8            "i" 35374  71616.351563 70826.898438 74606.125000
   9            "k" 19717  54439.281250 58556.207031 52549.425781
  10            "l" 24774  50018.050781 56167.171875 52165.347656
  11            "m" 18939  36239.507813 60318.664063 44653.628906
  12            "n" 25185  49543.679688 55920.859375 48339.195313
  13            "o" 45258  77307.640625 99249.468750 83946.812500
  14            "p" 19114  52645.484375 59964.105469 33758.746094
  15            "r" 19433  35305.554688 32624.433594 34639.160156
  16            "s" 26908  70646.000000 88074.468750 144913.750000
  17            "t" 27407  65681.132813 82717.546875 60168.957031
  18            "u" 17895  56598.394531 41085.066406 40883.804688
  19            "v" 21472  33600.972656 35091.722656 37452.246094
  20            "x" 5484  12775.019531 18248.673828 21821.335938
  21            "y" 16069  32161.322266 38486.304688 40027.312500
  22            "z" 10611  27594.923828 30571.169922 38305.890625
  23           "aa" 12886  40782.757813 85504.476563 50678.976563
  24           "ch" 5709  24171.955078 18924.607422 30118.345703
  25           "dg"  232  1329.793091 827.076416 803.087341
  26           "dj" 3597  11457.125977 11692.815430 9576.830078
  27           "dz"  284  866.024170 925.132996 962.662598
  28           "ee" 6604  16553.230469 34154.609375 21210.085938
  29           "ii" 22811  62764.679688 75389.164063 61958.058594
  30           "n0"    0    0.000000   0.000000   0.000000
  31           "n1"    0    0.000000   0.000000   0.000000
  32           "n2"    0    0.000000   0.000000   0.000000
  33           "n3"    0    0.000000   0.000000   0.000000
  34           "n4"    0    0.000000   0.000000   0.000000
  35           "n5"    0    0.000000   0.000000   0.000000
  36           "mg"  172  462.917786 633.562805 488.350830
  37           "ng"  692  3050.337158 1881.218262 1567.003662
  38           "nj" 12506  35440.035156 35300.554688 38290.753906
  39           "oo"  267  1099.603149 1900.836548 1036.000366
  40           "rs" 3762  10941.141602 17015.423828 8092.347168
  41           "rz" 2991  8247.723633 10494.360352 7813.821289
  42           "sh" 6112  19799.902344 29562.298828 22950.232422
  43           "si" 34432  365857.781250 322411.937500 766147.625000
  44           "tj" 5250  22246.402344 18703.888672 9870.638672
  45           "ts" 8667  32315.126953 30891.785156 37528.226563
  46           "uu" 3902  12301.416992 20654.990234 12699.221680
  47           "zh" 4943  13267.244141 14461.453125 21213.847656
  48          "swa"    0    0.000000   0.000000   0.000000
