   1           "mj"   46  27932.962891
   2           "pb"   46  31839.968750
   3   "pavel_rada"   46  17138.984375
   4 "otomar_nemecek"   46  22512.972656
   5      "dvorsky"   46  22513.968750
   6 "martin_jiricek"   46  18099.968750
   7    "kounovsky"   46  16214.978516
   8       "vaclav"   46  17663.982422
   9        "tomas"   46  16810.958984
  10        "cerny"   46  32126.970703
  11        "smola"   46  13480.975586
  12        "fejgl"   46  13889.965820
  13        "kasal"   46  22786.974609
  14       "blazek"   46  27655.972656
  15 "frantisek_vlas"   46  21661.970703
  16      "nozicka"   46  18874.976563
  17     "motejlek"   46  30005.972656
  18 "martin_paroubek"   51  26021.972656
  19          "jan"   46  17030.982422
  20        "david"   46  17064.966797
  21          "mak"   46  32286.953125
  22          "mar"   46  29805.976563
  23         "mpch"   46  29918.976563
  24          "mfd"   46  41205.976563
  25          "mfl"   46  28182.962891
  26          "mjb"   46  26946.966797
  27          "mjl"   47  30238.978516
  28          "mjs"   46  33966.972656
  29          "mjt"   46  26223.978516
  30          "mkk"   46  38010.972656
  31          "mms"   45  24893.980469
  32          "mos"   46  30315.972656
  33          "mpm"   46  30756.966797
  34          "mpn"   46  40878.941406
  35          "mps"   46  34035.968750
  36          "mpz"   46  29697.972656
  37         "mps2"   46  28926.972656
  38          "mvl"   46  23336.968750
  39          "mzs"   46  35475.964844
  40         "mvl2"   47  31235.964844
  41      "polacek"   46  39023.957031
  42          "zab"   46  39264.984375
  43          "zas"   46  29403.976563
  44          "zbs"   46  33447.980469
  45          "zhl"   46  38990.980469
  46          "zhn"   46  25035.968750
  47          "zht"   46  30360.972656
  48          "zil"   45  31352.976563
  49          "zjh"   46  29454.980469
  50          "zjs"   46  26121.968750
  51          "zkc"   46  26691.978516
  52          "zkk"   46  29322.980469
  53          "zkn"   46  25640.974609
  54          "zkv"   46  32897.976563
  55          "zlg"   46  25022.972656
  56          "zlj"   46  37545.972656
  57          "zlk"   46  36036.972656
  58          "zlr"   46  29154.980469
  59          "zls"   46  35718.972656
  60          "zlt"   46  30183.974609
  61          "zmd"   46  32097.976563
  62          "zmh"   46  34893.980469
  63          "zmn"   46  36252.968750
  64          "zmt"   46  28560.980469
  65          "znm"   46  45771.976563
  66          "zrh"   46  36846.972656
  67          "zss"   46  26883.976563
  68          "ztk"   45  31343.978516
  69          "ztv"   45  27575.974609
  70  "michal_rott"   45  20216.968750
  71     "jan_hybs"   47  24208.958984
  72        "trnka"   46  20524.972656
  73 "martin_beranek"   44  18661.972656
  74      "safarik"   46  23850.974609
  75      "foldyna"   46  33573.949219
  76 "radek_safarik"   46  21423.957031
  77       "vratny"   46  27971.988281
  78    "svarovsky"   46  31596.966797
  79  "jan_kanajlo"   46  34403.980469
  80        "dutka"   46  26306.966797
  81   "ales_russe"   46  22005.972656
  82 "lukas_mateju"   46  17075.980469
  83        "vacek"   46  24123.960938
  84        "horky"   46  30730.976563
  85        "kolar"   46  26018.968750
  86       "breuer"   46  28069.960938
  87        "kovar"   46  21366.968750
  88      "linhart"   46  30086.978516
  89         "zkv2"   46  27738.974609
  90       "halada"   46  37428.972656
  91 "martin_kaiser"   46  22222.980469
  92  "zdenek_kybl"   46  17383.978516
  93      "chmelik"   46  27839.960938
  94         "zls2"   46  31083.978516
  95         "zss2"   46  26757.974609
