   1            "a" 38377  86588.023438 116100.914063 86002.875000
   2            "b" 9294  31091.312500 19091.033203 17682.593750
   3            "d" 17140  34619.074219 27145.916016 36025.238281
   4            "e" 55694  94722.679688 119526.804688 99514.960938
   5            "f" 3989  9356.455078 15373.181641 10462.764648
   6            "g" 2526  5279.334961 5664.607910 7762.219727
   7            "h" 7446  14027.866211 17427.250000 18002.148438
   8            "i" 35374  61940.535156 85721.789063 73857.617188
   9            "k" 19717  63180.683594 38448.992188 59975.937500
  10            "l" 24774  41584.898438 59260.464844 50398.566406
  11            "m" 18939  34175.550781 61986.597656 43046.265625
  12            "n" 25185  50579.335938 51709.355469 43104.910156
  13            "o" 45258  85613.515625 102990.960938 83597.539063
  14            "p" 19114  73905.359375 37488.960938 37783.214844
  15            "r" 19433  38663.929688 34186.640625 30699.726563
  16            "s" 26908  85700.367188 134430.171875 85123.406250
  17            "t" 27407  82076.828125 58292.828125 71741.031250
  18            "u" 17895  38267.519531 63107.382813 40771.488281
  19            "v" 21472  40118.203125 35844.195313 35844.601563
  20            "x" 5484  12738.821289 23906.031250 15702.670898
  21            "y" 16069  30932.931641 28159.519531 54282.925781
  22            "z" 10611  27799.966797 39784.210938 26536.916016
  23           "aa" 12886  41340.015625 88129.250000 51994.945313
  24           "ch" 5709  26817.353516 27214.185547 20136.126953
  25           "dg"  232  1261.487305 1083.656372 737.805420
  26           "dj" 3597  11759.481445 11478.036133 8302.241211
  27           "dz"  284  846.105713 1098.664795 909.289551
  28           "ee" 6604  15922.990234 35279.058594 21855.058594
  29           "ii" 22811  47711.835938 91399.101563 62521.648438
  30           "n0"    0    0.000000   0.000000   0.000000
  31           "n1"    0    0.000000   0.000000   0.000000
  32           "n2"    0    0.000000   0.000000   0.000000
  33           "n3"    0    0.000000   0.000000   0.000000
  34           "n4"    0    0.000000   0.000000   0.000000
  35           "n5"    0    0.000000   0.000000   0.000000
  36           "mg"  172  388.900604 701.146606 348.263153
  37           "ng"  692  1833.575928 2473.287598 1776.750732
  38           "nj" 12506  35128.023438 32228.437500 29674.410156
  39           "oo"  267  1231.538696 2053.741211 1030.760864
  40           "rs" 3762  12986.935547 14551.125000 6713.970215
  41           "rz" 2991  9184.598633 10689.567383 6287.089355
  42           "sh" 6112  19981.048828 30562.574219 20708.255859
  43           "si" 34432  483131.406250 230501.593750 711147.187500
  44           "tj" 5250  21982.046875 17965.001953 8844.331055
  45           "ts" 8667  38075.675781 38978.886719 27267.187500
  46           "uu" 3902  12330.431641 21212.044922 12669.307617
  47           "zh" 4943  15100.778320 21113.554688 12742.957031
  48          "swa"    0    0.000000   0.000000   0.000000
