   1            "a" 38377  77360.968750 112455.781250 90904.007813
   2            "b" 9294  18762.982422 27763.146484 22460.332031
   3            "d" 17140  30791.273438 36109.035156 31980.296875
   4            "e" 55694  119086.679688 89768.234375 97734.765625
   5            "f" 3989  9635.163086 14983.001953 10124.167969
   6            "g" 2526  5138.258789 6610.076660 6735.335449
   7            "h" 7446  15063.036133 16161.584961 16510.392578
   8            "i" 35374  79399.734375 63668.503906 71788.593750
   9            "k" 19717  61394.035156 57604.011719 46346.218750
  10            "l" 24774  50029.828125 57737.179688 49001.519531
  11            "m" 18939  35862.148438 59274.703125 44996.011719
  12            "n" 25185  47785.695313 57896.328125 45121.917969
  13            "o" 45258  81788.835938 96061.015625 86281.226563
  14            "p" 19114  61106.484375 53159.894531 34038.453125
  15            "r" 19433  37464.519531 30506.589844 33418.113281
  16            "s" 26908  73784.007813 97889.140625 134207.625000
  17            "t" 27407  79194.546875 76684.875000 54878.964844
  18            "u" 17895  53119.332031 43732.738281 41399.488281
  19            "v" 21472  35731.644531 35087.105469 37390.246094
  20            "x" 5484  12295.918945 19451.197266 21972.964844
  21            "y" 16069  32028.242188 39314.648438 36972.988281
  22            "z" 10611  26314.693359 34227.453125 34241.878906
  23           "aa" 12886  45575.207031 82029.046875 51029.730469
  24           "ch" 5709  24450.716797 18571.917969 28953.845703
  25           "dg"  232  1325.525146 817.444824 703.313293
  26           "dj" 3597  11011.823242 11489.666016 9661.593750
  27           "dz"  284  818.181274 1024.665649 962.371216
  28           "ee" 6604  16937.701172 34446.890625 21081.544922
  29           "ii" 22811  68476.335938 67735.023438 61830.113281
  30           "n0"    0    0.000000   0.000000   0.000000
  31           "n1"    0    0.000000   0.000000   0.000000
  32           "n2"    0    0.000000   0.000000   0.000000
  33           "n3"    0    0.000000   0.000000   0.000000
  34           "n4"    0    0.000000   0.000000   0.000000
  35           "n5"    0    0.000000   0.000000   0.000000
  36           "mg"  172  489.443054 634.196533 421.674164
  37           "ng"  692  3027.374268 1690.276489 1635.086792
  38           "nj" 12506  34262.492188 35309.687500 35142.441406
  39           "oo"  267  1229.467896 1931.447754 949.025757
  40           "rs" 3762  10614.770508 15215.962891 9200.130859
  41           "rz" 2991  7897.295410 10642.950195 7968.178711
  42           "sh" 6112  19244.412109 30829.695313 21982.355469
  43           "si" 34432  407663.656250 326404.593750 720151.187500
  44           "tj" 5250  22353.816406 18921.748047 9398.338867
  45           "ts" 8667  32976.292969 33722.281250 35364.121094
  46           "uu" 3902  12669.448242 19809.958984 13188.299805
  47           "zh" 4943  13434.745117 14478.432617 20137.703125
  48          "swa"    0    0.000000   0.000000   0.000000
