   1           "mj"   23  14287.000000
   2           "pb"   23  15349.999023
   3   "pavel_rada"   23  8699.999023
   4 "otomar_nemecek"   23  11218.999023
   5      "dvorsky"   23  12470.000000
   6 "martin_jiricek"   23  9277.998047
   7    "kounovsky"   23  8311.999023
   8       "vaclav"   23  8420.000000
   9        "tomas"   23  8065.999023
  10        "cerny"   23  15786.999023
  11        "smola"   23  6622.999023
  12        "fejgl"   23  6451.999512
  13        "kasal"   23  10722.000000
  14       "blazek"   23  14345.997070
  15 "frantisek_vlas"   23  11439.999023
  16      "nozicka"   23  8945.999023
  17     "motejlek"   23  14845.000000
  18 "martin_paroubek"   26  12638.998047
  19          "jan"   23  8847.999023
  20        "david"   23  8473.999023
  21          "mak"   23  15760.998047
  22          "mar"   23  14695.999023
  23         "mpch"   23  14795.998047
  24          "mfd"   23  19565.000000
  25          "mfl"   23  14098.998047
  26          "mjb"   23  13363.999023
  27          "mjl"   24  15729.000000
  28          "mjs"   23  17323.998047
  29          "mjt"   23  13870.999023
  30          "mkk"   23  17876.000000
  31          "mms"   23  12739.999023
  32          "mos"   23  15610.999023
  33          "mpm"   23  15416.999023
  34          "mpn"   23  20422.998047
  35          "mps"   23  16687.998047
  36          "mpz"   23  15317.000000
  37         "mps2"   23  14282.000000
  38          "mvl"   23  11704.999023
  39          "mzs"   23  17821.998047
  40         "mvl2"   24  15959.999023
  41      "polacek"   23  19833.998047
  42          "zab"   23  19223.000000
  43          "zas"   23  14953.999023
  44          "zbs"   23  17182.998047
  45          "zhl"   23  19107.998047
  46          "zhn"   23  12994.999023
  47          "zht"   23  15202.999023
  48          "zil"   23  15532.999023
  49          "zjh"   23  15031.998047
  50          "zjs"   23  12913.998047
  51          "zkc"   23  13600.998047
  52          "zkk"   23  14251.999023
  53          "zkn"   23  12945.000000
  54          "zkv"   23  16321.999023
  55          "zlg"   23  12433.999023
  56          "zlj"   23  18653.000000
  57          "zlk"   23  18055.998047
  58          "zlr"   23  14594.000000
  59          "zls"   23  18064.998047
  60          "zlt"   23  14921.000000
  61          "zmd"   23  16060.999023
  62          "zmh"   23  17089.998047
  63          "zmn"   23  18142.998047
  64          "zmt"   23  14275.999023
  65          "znm"   23  22483.998047
  66          "zrh"   23  17932.998047
  67          "zss"   23  13624.999023
  68          "ztk"   23  15787.999023
  69          "ztv"   23  13534.998047
  70  "michal_rott"   23  10174.999023
  71     "jan_hybs"   24  13243.997070
  72        "trnka"   23  10374.999023
  73 "martin_beranek"   22  9441.998047
  74      "safarik"   23  12214.999023
  75      "foldyna"   23  16956.000000
  76 "radek_safarik"   23  10976.000000
  77       "vratny"   23  14164.998047
  78    "svarovsky"   23  15416.999023
  79  "jan_kanajlo"   23  17354.998047
  80        "dutka"   23  12689.997070
  81   "ales_russe"   23  10969.999023
  82 "lukas_mateju"   23  8875.999023
  83        "vacek"   23  12470.998047
  84        "horky"   23  14242.000000
  85        "kolar"   23  12112.999023
  86       "breuer"   23  14933.999023
  87        "kovar"   23  10368.999023
  88      "linhart"   23  15006.998047
  89         "zkv2"   23  13663.998047
  90       "halada"   23  18200.000000
  91 "martin_kaiser"   23  11044.999023
  92  "zdenek_kybl"   23  8751.999023
  93      "chmelik"   23  13402.000000
  94         "zls2"   23  15106.998047
  95         "zss2"   23  14158.999023
