   1            "a" 38377  78237.093750 110275.742188 90555.242188
   2            "b" 9294  18838.353516 27717.318359 22778.839844
   3            "d" 17140  31668.984375 37363.917969 31316.472656
   4            "e" 55694  118379.007813 88927.359375 97428.171875
   5            "f" 3989  9727.275391 14854.143555 9725.930664
   6            "g" 2526  5118.194336 6738.739746 6869.317383
   7            "h" 7446  15075.130859 16579.417969 16194.174805
   8            "i" 35374  78902.304688 62334.957031 72787.648438
   9            "k" 19717  62942.546875 55523.355469 46528.246094
  10            "l" 24774  48529.664063 55511.472656 48738.320313
  11            "m" 18939  36346.648438 59102.359375 44474.718750
  12            "n" 25185  47995.464844 58263.273438 46546.753906
  13            "o" 45258  82074.375000 95652.101563 85027.117188
  14            "p" 19114  62771.593750 51864.847656 35100.960938
  15            "r" 19433  37737.113281 30766.478516 33157.375000
  16            "s" 26908  75619.460938 100006.281250 128414.070313
  17            "t" 27407  84205.515625 76947.921875 51817.746094
  18            "u" 17895  51512.031250 43835.710938 41859.851563
  19            "v" 21472  36535.652344 35671.773438 36363.875000
  20            "x" 5484  12899.022461 19291.169922 21904.898438
  21            "y" 16069  31608.269531 38447.468750 36500.332031
  22            "z" 10611  26509.896484 35698.242188 33006.621094
  23           "aa" 12886  45106.855469 83188.031250 50448.875000
  24           "ch" 5709  25885.863281 19255.966797 27884.263672
  25           "dg"  232  1313.347656 821.996338 718.154175
  26           "dj" 3597  11121.896484 11405.667969 10041.552734
  27           "dz"  284  848.542908 1069.645752 957.599854
  28           "ee" 6604  16803.800781 34420.742188 21137.099609
  29           "ii" 22811  67374.789063 70077.632813 59927.019531
  30           "n0"    0    0.000000   0.000000   0.000000
  31           "n1"    0    0.000000   0.000000   0.000000
  32           "n2"    0    0.000000   0.000000   0.000000
  33           "n3"    0    0.000000   0.000000   0.000000
  34           "n4"    0    0.000000   0.000000   0.000000
  35           "n5"    0    0.000000   0.000000   0.000000
  36           "mg"  172  503.269318 618.646729 430.580231
  37           "ng"  692  3046.165283 1645.606201 1639.498657
  38           "nj" 12506  33913.187500 35776.292969 35486.894531
  39           "oo"  267  1236.655884 1932.230469 942.047302
  40           "rs" 3762  10750.467773 14528.064453 9507.100586
  41           "rz" 2991  7989.057129 10647.594727 8121.163086
  42           "sh" 6112  19630.464844 30436.474609 22021.402344
  43           "si" 34432  409735.281250 324686.218750 723004.687500
  44           "tj" 5250  23101.927734 18411.218750 9507.633789
  45           "ts" 8667  33660.480469 34933.128906 34287.855469
  46           "uu" 3902  12522.358398 20027.349609 13136.839844
  47           "zh" 4943  13402.684570 14986.649414 20032.140625
  48          "swa"    0    0.000000   0.000000   0.000000
