   1            "a" 38377  78446.859375 88747.187500 83521.484375
   2            "b" 9294  31962.439453 21832.707031 20929.742188
   3            "d" 17140  35564.281250 36540.363281 37016.218750
   4            "e" 55694  88908.492188 95228.734375 88573.804688
   5            "f" 3989  10320.198242 14735.360352 11128.957031
   6            "g" 2526  6776.493652 5439.952148 6973.290527
   7            "h" 7446  15900.799805 16799.501953 16581.779297
   8            "i" 35374  61165.941406 71242.757813 74310.710938
   9            "k" 19717  60307.429688 47562.125000 66449.960938
  10            "l" 24774  52474.175781 49315.976563 48812.667969
  11            "m" 18939  47642.980469 58389.164063 45253.234375
  12            "n" 25185  50191.542969 56880.476563 55435.984375
  13            "o" 45258  81274.320313 81696.968750 82061.460938
  14            "p" 19114  69729.062500 45472.320313 42967.402344
  15            "r" 19433  37190.062500 35711.917969 34347.515625
  16            "s" 26908  92168.273438 124437.828125 88829.773438
  17            "t" 27407  78574.101563 59227.699219 79098.523438
  18            "u" 17895  42912.917969 47633.003906 45220.800781
  19            "v" 21472  42326.554688 39994.656250 40676.332031
  20            "x" 5484  14888.193359 22840.970703 18111.017578
  21            "y" 16069  32551.984375 33450.605469 40423.425781
  22            "z" 10611  32088.166016 36912.703125 31171.015625
  23           "aa" 12886  40617.257813 79459.898438 49164.437500
  24           "ch" 5709  27490.978516 29387.220703 20697.884766
  25           "dg"  232  1266.640869 1047.527222 872.642029
  26           "dj" 3597  11965.162109 11725.652344 10728.626953
  27           "dz"  284  988.609131 1080.224365 1014.016296
  28           "ee" 6604  16360.621094 31508.861328 21371.001953
  29           "ii" 22811  61165.277344 77437.500000 60760.769531
  30           "n0"    0    0.000000   0.000000   0.000000
  31           "n1"    0    0.000000   0.000000   0.000000
  32           "n2"    0    0.000000   0.000000   0.000000
  33           "n3"    0    0.000000   0.000000   0.000000
  34           "n4"    0    0.000000   0.000000   0.000000
  35           "n5"    0    0.000000   0.000000   0.000000
  36           "mg"  172  538.290283 564.686523 498.111908
  37           "ng"  692  2258.148682 2256.844238 1852.133301
  38           "nj" 12506  44146.917969 31817.398438 36847.738281
  39           "oo"  267  1096.795410 1772.987549 1179.355103
  40           "rs" 3762  14154.677734 12509.485352 9587.737305
  41           "rz" 2991  9433.050781 9808.454102 9370.785156
  42           "sh" 6112  22456.351563 31371.736328 20665.921875
  43           "si" 34432  670608.562500 419885.187500 347725.562500
  44           "tj" 5250  22035.253906 18036.271484 11813.125000
  45           "ts" 8667  39302.460938 37824.328125 28983.531250
  46           "uu" 3902  14345.268555 18248.318359 14333.243164
  47           "zh" 4943  17442.535156 19695.601563 15755.723633
  48          "swa"    0    0.000000   0.000000   0.000000
