   1            "a" 38377  78381.898438 84764.843750 82084.703125
   2            "b" 9294  32546.939453 21844.937500 21696.888672
   3            "d" 17140  36423.382813 35908.777344 38126.511719
   4            "e" 55694  84928.890625 93757.664063 89491.414063
   5            "f" 3989  10432.771484 14915.680664 11418.481445
   6            "g" 2526  6945.514160 5428.597168 7052.467773
   7            "h" 7446  16352.784180 16427.275391 17022.476563
   8            "i" 35374  61374.664063 69120.726563 76912.101563
   9            "k" 19717  61819.453125 50127.324219 65815.398438
  10            "l" 24774  54776.039063 48086.156250 48482.378906
  11            "m" 18939  48550.656250 56932.546875 48019.699219
  12            "n" 25185  53621.703125 55172.156250 57295.222656
  13            "o" 45258  77204.234375 80758.640625 82533.687500
  14            "p" 19114  69415.656250 45953.460938 42404.527344
  15            "r" 19433  37113.019531 35731.636719 35374.722656
  16            "s" 26908  92013.273438 124291.984375 88090.304688
  17            "t" 27407  77147.117188 61588.308594 78960.804688
  18            "u" 17895  43605.472656 45973.445313 46400.851563
  19            "v" 21472  45434.078125 39164.113281 40931.726563
  20            "x" 5484  15797.141602 22868.205078 18273.990234
  21            "y" 16069  33284.996094 34430.332031 38005.515625
  22            "z" 10611  33753.000000 36878.835938 31538.511719
  23           "aa" 12886  40838.761719 76675.460938 48714.519531
  24           "ch" 5709  27934.828125 28625.470703 21124.634766
  25           "dg"  232  1287.318237 1041.260376 919.326477
  26           "dj" 3597  12144.398438 11910.532227 10914.126953
  27           "dz"  284  1021.398743 1098.303711 1025.532593
  28           "ee" 6604  17162.277344 30292.787109 21586.478516
  29           "ii" 22811  62169.945313 75089.515625 60388.933594
  30           "n0"    0    0.000000   0.000000   0.000000
  31           "n1"    0    0.000000   0.000000   0.000000
  32           "n2"    0    0.000000   0.000000   0.000000
  33           "n3"    0    0.000000   0.000000   0.000000
  34           "n4"    0    0.000000   0.000000   0.000000
  35           "n5"    0    0.000000   0.000000   0.000000
  36           "mg"  172  563.418701 552.238647 506.447723
  37           "ng"  692  2416.161133 2185.742676 1921.000366
  38           "nj" 12506  43629.652344 33313.683594 37975.050781
  39           "oo"  267  1113.881714 1698.840576 1215.825073
  40           "rs" 3762  14470.133789 12627.228516 9737.891602
  41           "rz" 2991  9639.192383 9797.256836 9658.076172
  42           "sh" 6112  22978.648438 30870.835938 21010.214844
  43           "si" 34432  684954.437500 412544.250000 333694.187500
  44           "tj" 5250  21526.183594 18523.791016 12480.611328
  45           "ts" 8667  38646.144531 38350.703125 29048.765625
  46           "uu" 3902  14511.554688 18297.560547 14250.031250
  47           "zh" 4943  17913.273438 19748.724609 16268.070313
  48          "swa"    0    0.000000   0.000000   0.000000
