   1           "mj"   46  27932.957031
   2           "pb"   46  31839.978516
   3   "pavel_rada"   46  17138.982422
   4 "otomar_nemecek"   46  22512.970703
   5      "dvorsky"   46  22513.976563
   6 "martin_jiricek"   46  18099.949219
   7    "kounovsky"   46  16214.981445
   8       "vaclav"   46  17663.986328
   9        "tomas"   46  16810.964844
  10        "cerny"   46  32126.976563
  11        "smola"   46  13480.973633
  12        "fejgl"   46  13889.968750
  13        "kasal"   46  22786.984375
  14       "blazek"   46  27655.974609
  15 "frantisek_vlas"   46  21661.978516
  16      "nozicka"   46  18874.978516
  17     "motejlek"   46  30005.986328
  18 "martin_paroubek"   51  26021.976563
  19          "jan"   46  17030.980469
  20        "david"   46  17064.978516
  21          "mak"   46  32286.953125
  22          "mar"   46  29805.966797
  23         "mpch"   46  29918.978516
  24          "mfd"   46  41205.972656
  25          "mfl"   46  28182.964844
  26          "mjb"   46  26946.966797
  27          "mjl"   47  30238.976563
  28          "mjs"   46  33966.976563
  29          "mjt"   46  26223.978516
  30          "mkk"   46  38010.968750
  31          "mms"   45  24893.976563
  32          "mos"   46  30315.976563
  33          "mpm"   46  30756.964844
  34          "mpn"   46  40878.964844
  35          "mps"   46  34035.968750
  36          "mpz"   46  29697.978516
  37         "mps2"   46  28926.974609
  38          "mvl"   46  23336.966797
  39          "mzs"   46  35475.960938
  40         "mvl2"   47  31235.960938
  41      "polacek"   46  39023.968750
  42          "zab"   46  39264.984375
  43          "zas"   46  29403.982422
  44          "zbs"   46  33447.984375
  45          "zhl"   46  38990.972656
  46          "zhn"   46  25035.972656
  47          "zht"   46  30360.978516
  48          "zil"   45  31352.980469
  49          "zjh"   46  29454.976563
  50          "zjs"   46  26121.974609
  51          "zkc"   46  26691.974609
  52          "zkk"   46  29322.976563
  53          "zkn"   46  25640.978516
  54          "zkv"   46  32897.980469
  55          "zlg"   46  25022.978516
  56          "zlj"   46  37545.980469
  57          "zlk"   46  36036.968750
  58          "zlr"   46  29154.980469
  59          "zls"   46  35718.980469
  60          "zlt"   46  30183.982422
  61          "zmd"   46  32097.986328
  62          "zmh"   46  34893.984375
  63          "zmn"   46  36252.968750
  64          "zmt"   46  28560.982422
  65          "znm"   46  45771.980469
  66          "zrh"   46  36846.976563
  67          "zss"   46  26883.980469
  68          "ztk"   45  31343.980469
  69          "ztv"   45  27575.980469
  70  "michal_rott"   45  20216.970703
  71     "jan_hybs"   47  24208.972656
  72        "trnka"   46  20524.964844
  73 "martin_beranek"   44  18661.968750
  74      "safarik"   46  23850.986328
  75      "foldyna"   46  33573.968750
  76 "radek_safarik"   46  21423.978516
  77       "vratny"   46  27971.984375
  78    "svarovsky"   46  31596.972656
  79  "jan_kanajlo"   46  34403.976563
  80        "dutka"   46  26306.974609
  81   "ales_russe"   46  22005.972656
  82 "lukas_mateju"   46  17075.978516
  83        "vacek"   46  24123.974609
  84        "horky"   46  30730.978516
  85        "kolar"   46  26018.986328
  86       "breuer"   46  28069.978516
  87        "kovar"   46  21366.980469
  88      "linhart"   46  30086.976563
  89         "zkv2"   46  27738.972656
  90       "halada"   46  37428.972656
  91 "martin_kaiser"   46  22222.978516
  92  "zdenek_kybl"   46  17383.978516
  93      "chmelik"   46  27839.976563
  94         "zls2"   46  31083.976563
  95         "zss2"   46  26757.980469
