   1           "mj"   90  57682.960938
   2           "pb"   90  62295.972656
   3   "pavel_rada"   90  33900.980469
   4 "otomar_nemecek"   90  37412.972656
   5      "dvorsky"   90  39041.968750
   6 "martin_jiricek"   90  33287.968750
   7    "kounovsky"   90  31793.978516
   8       "vaclav"   90  36002.976563
   9        "tomas"   90  33682.960938
  10        "cerny"   90  64295.968750
  11        "smola"   90  26474.976563
  12        "fejgl"   90  27208.968750
  13        "kasal"   90  48582.976563
  14       "blazek"   90  51993.968750
  15 "frantisek_vlas"   90  39192.976563
  16      "nozicka"   90  40109.972656
  17     "motejlek"   90  59098.972656
  18 "martin_paroubek"  101  48157.972656
  19          "jan"   90  32215.980469
  20        "david"   90  32395.966797
  21          "mak"   90  63713.957031
  22          "mar"   91  58815.976563
  23         "mpch"   90  56948.976563
  24          "mfd"   90  80354.976563
  25          "mfl"   90  52031.957031
  26          "mjb"   91  51177.964844
  27          "mjl"   93  57113.976563
  28          "mjs"   90  64454.972656
  29          "mjt"   90  50864.976563
  30          "mkk"   90  75332.968750
  31          "mms"   89  46705.980469
  32          "mos"   90  57065.972656
  33          "mpm"   90  60392.964844
  34          "mpn"   90  77162.929688
  35          "mps"   90  66389.960938
  36          "mpz"   90  55841.968750
  37         "mps2"   90  56960.972656
  38          "mvl"   90  46018.968750
  39          "mzs"   90  73016.968750
  40         "mvl2"   92  59210.964844
  41      "polacek"   90  71610.960938
  42          "zab"   90  75743.984375
  43          "zas"   90  54749.976563
  44          "zbs"   90  65534.984375
  45          "zhl"   90  70040.976563
  46          "zhn"   90  46871.964844
  47          "zht"   90  60470.976563
  48          "zil"   88  60075.976563
  49          "zjh"   90  58616.976563
  50          "zjs"   90  51248.968750
  51          "zkc"   91  51273.972656
  52          "zkk"   90  57035.980469
  53          "zkn"   91  47281.976563
  54          "zkv"   90  68110.976563
  55          "zlg"   90  49289.968750
  56          "zlj"   90  77429.968750
  57          "zlk"   90  71771.968750
  58          "zlr"   90  55256.976563
  59          "zls"   90  68243.976563
  60          "zlt"   90  58004.968750
  61          "zmd"   90  61748.980469
  62          "zmh"   90  67382.976563
  63          "zmn"   90  70517.968750
  64          "zmt"   90  55829.972656
  65          "znm"   91  87495.968750
  66          "zrh"   90  71315.968750
  67          "zss"   90  49859.976563
  68          "ztk"   89  62839.980469
  69          "ztv"   88  52293.972656
  70  "michal_rott"   88  40029.964844
  71     "jan_hybs"   92  46759.960938
  72        "trnka"   90  40785.976563
  73 "martin_beranek"   87  38702.972656
  74      "safarik"   90  48739.976563
  75      "foldyna"   90  61136.949219
  76 "radek_safarik"   90  40434.960938
  77       "vratny"   90  57469.984375
  78    "svarovsky"   90  61343.964844
  79  "jan_kanajlo"   90  66352.976563
  80        "dutka"   90  53322.964844
  81   "ales_russe"   91  42642.972656
  82 "lukas_mateju"   91  31899.978516
  83        "vacek"   90  44891.960938
  84        "horky"   90  60902.980469
  85        "kolar"   90  57059.964844
  86       "breuer"   90  51769.960938
  87        "kovar"   90  41658.968750
  88      "linhart"   90  59159.976563
  89         "zkv2"   90  51173.972656
  90       "halada"   90  73912.968750
  91 "martin_kaiser"   90  41980.980469
  92  "zdenek_kybl"   90  33170.980469
  93      "chmelik"   90  55849.960938
  94         "zls2"   90  61757.972656
  95         "zss2"   90  50069.972656
