   1            "a" 38377  89289.039063 106415.585938 84192.070313
   2            "b" 9294  30928.427734 19115.048828 18547.189453
   3            "d" 17140  33548.871094 26634.542969 39982.464844
   4            "e" 55694  98962.359375 114634.945313 94879.210938
   5            "f" 3989  9845.608398 15218.314453 9848.523438
   6            "g" 2526  5431.144531 6137.043945 7362.592285
   7            "h" 7446  14380.417969 17834.841797 17153.263672
   8            "i" 35374  62900.828125 84691.773438 70151.703125
   9            "k" 19717  61321.425781 40019.238281 61352.789063
  10            "l" 24774  46223.539063 58221.171875 49040.476563
  11            "m" 18939  34693.472656 62046.027344 42313.355469
  12            "n" 25185  46883.128906 53601.667969 48617.414063
  13            "o" 45258  83841.132813 98397.484375 84971.648438
  14            "p" 19114  76961.007813 37983.222656 37426.000000
  15            "r" 19433  38010.460938 35495.625000 31197.423828
  16            "s" 26908  86609.859375 132788.796875 83693.875000
  17            "t" 27407  82322.367188 59903.226563 70896.773438
  18            "u" 17895  38289.035156 59174.785156 43301.031250
  19            "v" 21472  38750.589844 37862.574219 36936.625000
  20            "x" 5484  12463.494141 23748.896484 15804.807617
  21            "y" 16069  30380.443359 28407.248047 49951.425781
  22            "z" 10611  26746.656250 42335.136719 25509.773438
  23           "aa" 12886  44578.062500 82287.843750 53276.511719
  24           "ch" 5709  26153.187500 27295.125000 20416.751953
  25           "dg"  232  1238.951294 1073.857666 750.545410
  26           "dj" 3597  11455.868164 11571.074219 8851.803711
  27           "dz"  284  862.612427 1198.953613 858.567444
  28           "ee" 6604  16804.593750 33945.046875 22093.078125
  29           "ii" 22811  50510.082031 93095.476563 60524.886719
  30           "n0"    0    0.000000   0.000000   0.000000
  31           "n1"    0    0.000000   0.000000   0.000000
  32           "n2"    0    0.000000   0.000000   0.000000
  33           "n3"    0    0.000000   0.000000   0.000000
  34           "n4"    0    0.000000   0.000000   0.000000
  35           "n5"    0    0.000000   0.000000   0.000000
  36           "mg"  172  410.059692 685.314026 361.806152
  37           "ng"  692  1846.827026 2392.206787 1848.741821
  38           "nj" 12506  37936.566406 29131.423828 29800.314453
  39           "oo"  267  1194.160156 1957.247681 1076.808716
  40           "rs" 3762  12993.381836 14559.067383 6410.501953
  41           "rz" 2991  8990.072266 11063.309570 6238.027344
  42           "sh" 6112  19394.439453 31385.810547 20007.156250
  43           "si" 34432  712882.562500 248128.921875 477025.125000
  44           "tj" 5250  22597.271484 18481.414063 8756.936523
  45           "ts" 8667  38577.117188 36804.066406 27845.816406
  46           "uu" 3902  12384.554688 21176.050781 13204.253906
  47           "zh" 4943  14647.364258 21634.578125 12673.802734
  48          "swa"    0    0.000000   0.000000   0.000000
