   1            "a" 38377  75857.789063 98239.882813 95520.804688
   2            "b" 9294  21835.974609 26063.443359 22166.726563
   3            "d" 17140  31217.867188 34888.886719 33270.988281
   4            "e" 55694  85778.312500 95591.953125 107055.195313
   5            "f" 3989  8677.238281 11159.661133 14229.666016
   6            "g" 2526  4673.143555 5757.039551 6963.375977
   7            "h" 7446  15077.271484 16772.703125 21284.564453
   8            "i" 35374  63348.382813 74569.906250 77342.117188
   9            "k" 19717  50300.941406 60837.269531 53796.140625
  10            "l" 24774  50924.667969 60491.871094 59390.023438
  11            "m" 18939  37303.863281 61271.878906 44353.746094
  12            "n" 25185  50572.421875 53763.355469 49906.621094
  13            "o" 45258  78419.609375 91682.929688 85286.726563
  14            "p" 19114  54268.867188 59426.679688 34736.015625
  15            "r" 19433  33374.093750 32546.470703 36867.062500
  16            "s" 26908  69443.148438 85741.906250 156500.671875
  17            "t" 27407  63663.308594 78464.250000 65517.949219
  18            "u" 17895  61864.761719 38734.359375 39448.945313
  19            "v" 21472  31468.982422 35025.832031 38046.863281
  20            "x" 5484  12888.701172 15486.623047 23510.486328
  21            "y" 16069  31911.623047 43099.050781 47917.187500
  22            "z" 10611  28089.976563 28591.634766 40823.753906
  23           "aa" 12886  38290.843750 88159.664063 49465.492188
  24           "ch" 5709  23509.322266 17066.333984 31725.800781
  25           "dg"  232  1501.465210 757.829163 722.622192
  26           "dj" 3597  10534.027344 12358.706055 9470.316406
  27           "dz"  284  836.498596 819.069092 967.170288
  28           "ee" 6604  17085.490234 34361.925781 20800.925781
  29           "ii" 22811  62058.789063 74241.960938 64930.218750
  30           "n0"    0    0.000000   0.000000   0.000000
  31           "n1"    0    0.000000   0.000000   0.000000
  32           "n2"    0    0.000000   0.000000   0.000000
  33           "n3"    0    0.000000   0.000000   0.000000
  34           "n4"    0    0.000000   0.000000   0.000000
  35           "n5"    0    0.000000   0.000000   0.000000
  36           "mg"  172  515.508850 634.164246 398.299988
  37           "ng"  692  3281.445313 1792.703003 1662.181885
  38           "nj" 12506  34910.476563 33427.550781 44163.765625
  39           "oo"  267  955.254761 1954.315796 1153.383911
  40           "rs" 3762  11310.500977 17715.304688 8036.965332
  41           "rz" 2991  8100.411621 9870.256836 7765.191406
  42           "sh" 6112  18015.732422 29287.943359 25208.593750
  43           "si" 34432  161306.625000 242323.984375 1035401.812500
  44           "tj" 5250  20192.474609 19245.453125 9932.769531
  45           "ts" 8667  32729.593750 28518.892578 40004.285156
  46           "uu" 3902  11904.972656 21087.750000 13154.655273
  47           "zh" 4943  14004.629883 12622.678711 22198.234375
  48          "swa"    0    0.000000   0.000000   0.000000
