   1            "a" 38377  76363.031250 83190.257813 84740.093750
   2            "b" 9294  23577.642578 26400.388672 26211.044922
   3            "d" 17140  38775.722656 39509.636719 32123.316406
   4            "e" 55694  99679.789063 77230.117188 89816.328125
   5            "f" 3989  10439.466797 14618.122070 11676.043945
   6            "g" 2526  6015.449707 6495.985840 7171.844238
   7            "h" 7446  16196.300781 16854.478516 16908.046875
   8            "i" 35374  72435.570313 58653.445313 74026.031250
   9            "k" 19717  66623.812500 56134.570313 52129.683594
  10            "l" 24774  55273.980469 48214.457031 49594.269531
  11            "m" 18939  47687.500000 55443.011719 50751.582031
  12            "n" 25185  56077.488281 59967.785156 51489.875000
  13            "o" 45258  78273.578125 79756.523438 84269.085938
  14            "p" 19114  62825.648438 49214.410156 42950.855469
  15            "r" 19433  37908.042969 36034.699219 33089.468750
  16            "s" 26908  81546.375000 109634.609375 111323.664063
  17            "t" 27407  91227.023438 69824.718750 58804.054688
  18            "u" 17895  51478.324219 38568.597656 43055.507813
  19            "v" 21472  44621.609375 39929.167969 40745.839844
  20            "x" 5484  14443.477539 21339.015625 21725.648438
  21            "y" 16069  34473.339844 34447.511719 36728.117188
  22            "z" 10611  33200.703125 36712.175781 32814.867188
  23           "aa" 12886  41072.398438 76397.898438 48658.507813
  24           "ch" 5709  27061.115234 25406.972656 25879.064453
  25           "dg"  232  1439.860229 949.874634 830.072083
  26           "dj" 3597  12639.533203 11818.015625 10935.843750
  27           "dz"  284  1023.816772 1054.531250 1058.423218
  28           "ee" 6604  17600.158203 29650.718750 20849.867188
  29           "ii" 22811  72652.179688 63059.867188 60161.187500
  30           "n0"    0    0.000000   0.000000   0.000000
  31           "n1"    0    0.000000   0.000000   0.000000
  32           "n2"    0    0.000000   0.000000   0.000000
  33           "n3"    0    0.000000   0.000000   0.000000
  34           "n4"    0    0.000000   0.000000   0.000000
  35           "n5"    0    0.000000   0.000000   0.000000
  36           "mg"  172  579.568176 583.006714 501.293121
  37           "ng"  692  2939.860107 2037.694580 1825.366211
  38           "nj" 12506  40490.410156 34825.882813 38697.316406
  39           "oo"  267  1235.620972 1799.465088 955.087097
  40           "rs" 3762  13107.863281 13288.440430 10087.187500
  41           "rz" 2991  9841.528320 10677.787109 9231.332031
  42           "sh" 6112  22822.558594 30751.109375 22160.304688
  43           "si" 34432  448598.687500 331960.718750 658894.187500
  44           "tj" 5250  22758.089844 18093.242188 12358.630859
  45           "ts" 8667  36416.878906 38020.476563 31423.449219
  46           "uu" 3902  14472.673828 17606.416016 14364.061523
  47           "zh" 4943  16374.743164 18321.861328 19806.253906
  48          "swa"    0    0.000000   0.000000   0.000000
