   1            "a" 38377  78476.929688 107401.226563 91075.968750
   2            "b" 9294  18863.330078 27846.847656 22994.259766
   3            "d" 17140  32821.460938 38107.500000 30866.123047
   4            "e" 55694  117389.054688 87638.937500 97263.812500
   5            "f" 3989  9822.666016 14741.678711 9695.600586
   6            "g" 2526  5148.079102 6713.908203 7068.823730
   7            "h" 7446  14842.923828 16598.246094 16155.106445
   8            "i" 35374  79001.734375 61248.933594 73158.656250
   9            "k" 19717  62671.589844 55221.031250 47327.921875
  10            "l" 24774  48392.976563 53851.121094 49360.941406
  11            "m" 18939  37090.730469 59109.960938 44124.164063
  12            "n" 25185  48197.339844 58604.425781 46664.457031
  13            "o" 45258  81996.640625 95542.101563 83431.429688
  14            "p" 19114  63277.867188 51212.816406 35532.015625
  15            "r" 19433  37722.511719 31147.501953 32904.859375
  16            "s" 26908  76580.703125 98909.867188 127845.742188
  17            "t" 27407  84927.929688 78072.671875 50842.648438
  18            "u" 17895  50785.265625 44167.191406 41391.746094
  19            "v" 21472  36939.089844 35757.605469 36229.035156
  20            "x" 5484  13346.033203 19520.189453 21803.984375
  21            "y" 16069  31537.693359 38218.695313 36478.156250
  22            "z" 10611  27054.193359 36005.976563 32608.978516
  23           "aa" 12886  44457.785156 84343.789063 49743.082031
  24           "ch" 5709  26699.986328 19738.593750 27206.408203
  25           "dg"  232  1326.695435 824.429016 729.834534
  26           "dj" 3597  11147.055664 11470.315430 10026.616211
  27           "dz"  284  868.261353 1073.292114 954.406006
  28           "ee" 6604  16530.800781 34482.605469 20983.542969
  29           "ii" 22811  66728.335938 71705.539063 59227.835938
  30           "n0"    0    0.000000   0.000000   0.000000
  31           "n1"    0    0.000000   0.000000   0.000000
  32           "n2"    0    0.000000   0.000000   0.000000
  33           "n3"    0    0.000000   0.000000   0.000000
  34           "n4"    0    0.000000   0.000000   0.000000
  35           "n5"    0    0.000000   0.000000   0.000000
  36           "mg"  172  507.325409 609.267090 430.612823
  37           "ng"  692  3037.671631 1645.824341 1641.516968
  38           "nj" 12506  34018.257813 35936.335938 35573.375000
  39           "oo"  267  1229.788208 1934.267334 918.648132
  40           "rs" 3762  10803.282227 14232.797852 9703.475586
  41           "rz" 2991  8034.002930 10718.254883 8118.649902
  42           "sh" 6112  19812.550781 30278.140625 21998.949219
  43           "si" 34432  416956.406250 316567.000000 727003.500000
  44           "tj" 5250  23227.355469 18263.416016 9578.225586
  45           "ts" 8667  34033.816406 35583.800781 33674.628906
  46           "uu" 3902  12505.874023 19951.966797 12949.278320
  47           "zh" 4943  13483.594727 15238.851563 19916.400391
  48          "swa"    0    0.000000   0.000000   0.000000
