   1            "a" 38377  87205.679688 124322.171875 83323.726563
   2            "b" 9294  30813.736328 19550.937500 17133.210938
   3            "d" 17140  35666.773438 28147.535156 33716.464844
   4            "e" 55694  87345.359375 128369.226563 97687.460938
   5            "f" 3989  8317.690430 16354.192383 10010.603516
   6            "g" 2526  5561.109863 5078.822266 7901.562500
   7            "h" 7446  13870.010742 17305.511719 20730.994141
   8            "i" 35374  57142.722656 87583.781250 76095.242188
   9            "k" 19717  71249.445313 37134.539063 57487.187500
  10            "l" 24774  40777.492188 58772.707031 56455.781250
  11            "m" 18939  33841.917969 63604.843750 40586.156250
  12            "n" 25185  49851.914063 49585.859375 39622.863281
  13            "o" 45258  85843.671875 107172.203125 81484.406250
  14            "p" 19114  81078.414063 35911.195313 36773.640625
  15            "r" 19433  35122.562500 34162.562500 31247.541016
  16            "s" 26908  75919.437500 149394.437500 77621.156250
  17            "t" 27407  93352.210938 51907.105469 70857.625000
  18            "u" 17895  35859.765625 59993.335938 38910.054688
  19            "v" 21472  40046.593750 35626.085938 33479.417969
  20            "x" 5484  13050.184570 23502.822266 15083.413086
  21            "y" 16069  30748.962891 26332.587891 61963.972656
  22            "z" 10611  28579.572266 38526.621094 27760.031250
  23           "aa" 12886  38729.085938 92850.265625 48063.554688
  24           "ch" 5709  26783.771484 27707.117188 18545.857422
  25           "dg"  232  1389.272339 1008.242920 696.472107
  26           "dj" 3597  10786.845703 11632.979492 8076.446777
  27           "dz"  284  866.693176 997.173767 925.119629
  28           "ee" 6604  14909.028320 36829.808594 20645.050781
  29           "ii" 22811  43089.500000 90156.664063 61726.406250
  30           "n0"    0    0.000000   0.000000   0.000000
  31           "n1"    0    0.000000   0.000000   0.000000
  32           "n2"    0    0.000000   0.000000   0.000000
  33           "n3"    0    0.000000   0.000000   0.000000
  34           "n4"    0    0.000000   0.000000   0.000000
  35           "n5"    0    0.000000   0.000000   0.000000
  36           "mg"  172  445.793427 699.448608 348.634369
  37           "ng"  692  1920.429077 2628.652588 1625.654297
  38           "nj" 12506  34833.679688 32876.984375 32754.816406
  39           "oo"  267  1069.688599 2050.946533 1065.285156
  40           "rs" 3762  12720.312500 14271.951172 7145.066406
  41           "rz" 2991  8938.385742 9937.035156 6234.540527
  42           "sh" 6112  18032.732422 33905.167969 18777.537109
  43           "si" 34432  389268.906250 209226.359375 828069.687500
  44           "tj" 5250  24077.382813 16331.692383 9065.877930
  45           "ts" 8667  37799.214844 40676.890625 25247.164063
  46           "uu" 3902  11339.748047 21909.007813 12479.896484
  47           "zh" 4943  15284.128906 19817.146484 13144.130859
  48          "swa"    0    0.000000   0.000000   0.000000
