   1            "a" 38377  75960.671875 84150.296875 86931.875000
   2            "b" 9294  22876.283203 26498.105469 26012.669922
   3            "d" 17140  38197.562500 39615.234375 31805.697266
   4            "e" 55694  100882.570313 78308.359375 91203.382813
   5            "f" 3989  10364.857422 14790.517578 11428.676758
   6            "g" 2526  5928.222168 6308.875977 7240.451172
   7            "h" 7446  15901.908203 16855.562500 16544.376953
   8            "i" 35374  73399.343750 58492.695313 74357.218750
   9            "k" 19717  65878.554688 55908.269531 51102.289063
  10            "l" 24774  53965.683594 48434.402344 49948.390625
  11            "m" 18939  46972.578125 55874.554688 49583.207031
  12            "n" 25185  55033.472656 60995.335938 49900.250000
  13            "o" 45258  78045.351563 80541.195313 84468.734375
  14            "p" 19114  63069.031250 48682.085938 42710.847656
  15            "r" 19433  38100.929688 35440.656250 32792.628906
  16            "s" 26908  79303.843750 109965.648438 113961.929688
  17            "t" 27407  91078.195313 70408.351563 58305.070313
  18            "u" 17895  51070.300781 39109.609375 42441.542969
  19            "v" 21472  43759.800781 39601.410156 40681.531250
  20            "x" 5484  13711.657227 21511.539063 21686.294922
  21            "y" 16069  34391.402344 34528.855469 37349.011719
  22            "z" 10611  32666.744141 37103.246094 32645.767578
  23           "aa" 12886  40660.570313 77886.226563 49195.988281
  24           "ch" 5709  26908.298828 25140.265625 25979.828125
  25           "dg"  232  1437.703613 946.733704 823.429932
  26           "dj" 3597  12487.475586 11720.071289 10852.410156
  27           "dz"  284  1021.140869 1049.171875 1039.780762
  28           "ee" 6604  17233.705078 30494.183594 20980.937500
  29           "ii" 22811  73875.906250 63077.031250 60075.488281
  30           "n0"    0    0.000000   0.000000   0.000000
  31           "n1"    0    0.000000   0.000000   0.000000
  32           "n2"    0    0.000000   0.000000   0.000000
  33           "n3"    0    0.000000   0.000000   0.000000
  34           "n4"    0    0.000000   0.000000   0.000000
  35           "n5"    0    0.000000   0.000000   0.000000
  36           "mg"  172  574.685364 587.276733 495.721985
  37           "ng"  692  2940.318115 1980.534058 1783.609253
  38           "nj" 12506  40259.917969 34413.289063 38624.597656
  39           "oo"  267  1220.100220 1817.939087 945.685303
  40           "rs" 3762  12921.096680 13475.611328 9983.882813
  41           "rz" 2991  9602.387695 10707.030273 9129.313477
  42           "sh" 6112  22422.820313 31251.660156 21860.970703
  43           "si" 34432  451551.218750 320749.593750 669780.812500
  44           "tj" 5250  23009.687500 17936.435547 12163.750000
  45           "ts" 8667  36276.750000 37816.152344 31610.134766
  46           "uu" 3902  14072.692383 17722.269531 14237.199219
  47           "zh" 4943  15884.129883 18306.832031 19738.126953
  48          "swa"    0    0.000000   0.000000   0.000000
