   1            "a" 38377  82218.539063 91551.023438 83479.039063
   2            "b" 9294  30805.898438 21462.335938 20241.398438
   3            "d" 17140  34284.574219 34846.804688 38516.695313
   4            "e" 55694  94075.781250 97018.796875 83664.835938
   5            "f" 3989  10325.603516 14738.002930 10429.500977
   6            "g" 2526  6474.389648 5347.254883 7108.330078
   7            "h" 7446  14892.435547 16967.050781 16648.494141
   8            "i" 35374  57638.039063 73705.976563 73379.000000
   9            "k" 19717  60402.082031 46877.921875 65047.023438
  10            "l" 24774  52683.613281 48578.460938 50311.535156
  11            "m" 18939  42568.414063 58678.183594 44793.648438
  12            "n" 25185  47454.757813 56697.050781 54818.546875
  13            "o" 45258  83489.476563 85584.562500 82939.976563
  14            "p" 19114  71855.703125 43384.796875 41447.074219
  15            "r" 19433  36609.964844 33567.351563 35275.859375
  16            "s" 26908  91669.921875 128500.414063 86654.875000
  17            "t" 27407  79480.250000 59556.257813 77372.906250
  18            "u" 17895  40792.714844 50196.785156 44234.304688
  19            "v" 21472  41027.222656 39419.957031 39283.542969
  20            "x" 5484  14469.612305 23593.240234 17251.464844
  21            "y" 16069  33043.097656 32130.470703 41719.433594
  22            "z" 10611  29564.498047 37862.718750 30956.421875
  23           "aa" 12886  40034.460938 81995.609375 51006.816406
  24           "ch" 5709  28477.310547 27635.738281 20899.251953
  25           "dg"  232  1233.386230 1010.671753 796.374695
  26           "dj" 3597  11437.134766 11041.912109 10913.436523
  27           "dz"  284  978.753845 1098.136230 915.658020
  28           "ee" 6604  16277.388672 33788.523438 20181.755859
  29           "ii" 22811  59422.375000 78950.476563 62004.636719
  30           "n0"    0    0.000000   0.000000   0.000000
  31           "n1"    0    0.000000   0.000000   0.000000
  32           "n2"    0    0.000000   0.000000   0.000000
  33           "n3"    0    0.000000   0.000000   0.000000
  34           "n4"    0    0.000000   0.000000   0.000000
  35           "n5"    0    0.000000   0.000000   0.000000
  36           "mg"  172  523.980591 555.851807 479.312927
  37           "ng"  692  2142.644287 2256.654053 1792.263306
  38           "nj" 12506  41700.027344 31987.353516 35173.550781
  39           "oo"  267  1109.617676 1801.313599 1092.519775
  40           "rs" 3762  13973.197266 12499.733398 9132.203125
  41           "rz" 2991  9022.456055 10262.099609 8656.916016
  42           "sh" 6112  22235.441406 31596.494141 20279.052734
  43           "si" 34432  671765.625000 437088.375000 342754.843750
  44           "tj" 5250  22957.039063 17357.511719 11006.480469
  45           "ts" 8667  41448.992188 36021.687500 29316.992188
  46           "uu" 3902  13674.649414 18653.023438 13837.791016
  47           "zh" 4943  15702.597656 20806.736328 15316.762695
  48          "swa"    0    0.000000   0.000000   0.000000
