   1            "a" 38377  74990.359375 108628.375000 93944.351563
   2            "b" 9294  20712.412109 26302.453125 22506.193359
   3            "d" 17140  30753.791016 34839.089844 33219.093750
   4            "e" 55694  97501.195313 96217.570313 105035.789063
   5            "f" 3989  8996.003906 11330.194336 13482.318359
   6            "g" 2526  4752.984863 6003.022949 7067.254883
   7            "h" 7446  15108.469727 16347.179688 17916.318359
   8            "i" 35374  69021.648438 72676.906250 74917.804688
   9            "k" 19717  52052.796875 59136.812500 53023.605469
  10            "l" 24774  50095.734375 58382.402344 53082.292969
  11            "m" 18939  36054.574219 61398.648438 44154.937500
  12            "n" 25185  48198.105469 55375.105469 48753.726563
  13            "o" 45258  76355.304688 99073.062500 84599.187500
  14            "p" 19114  52377.839844 59923.542969 33893.527344
  15            "r" 19433  33730.832031 32978.152344 35054.546875
  16            "s" 26908  70097.187500 85666.195313 151361.546875
  17            "t" 27407  64212.464844 80631.671875 63237.910156
  18            "u" 17895  59400.625000 39860.152344 40045.136719
  19            "v" 21472  31703.691406 35056.750000 35807.121094
  20            "x" 5484  12711.364258 17108.160156 22380.291016
  21            "y" 16069  31549.035156 40685.546875 42684.214844
  22            "z" 10611  27226.785156 29366.597656 39593.003906
  23           "aa" 12886  39621.886719 86554.562500 50388.843750
  24           "ch" 5709  23623.855469 18151.208984 30938.169922
  25           "dg"  232  1377.872070 799.210632 808.310120
  26           "dj" 3597  11243.262695 12060.059570 9325.373047
  27           "dz"  284  847.452515 885.333801 959.933533
  28           "ee" 6604  16829.869141 34239.003906 21144.298828
  29           "ii" 22811  61244.875000 76435.031250 62390.273438
  30           "n0"    0    0.000000   0.000000   0.000000
  31           "n1"    0    0.000000   0.000000   0.000000
  32           "n2"    0    0.000000   0.000000   0.000000
  33           "n3"    0    0.000000   0.000000   0.000000
  34           "n4"    0    0.000000   0.000000   0.000000
  35           "n5"    0    0.000000   0.000000   0.000000
  36           "mg"  172  466.192261 636.852478 449.502350
  37           "ng"  692  3133.303467 1823.743774 1612.162720
  38           "nj" 12506  34415.785156 35300.222656 40008.550781
  39           "oo"  267  1019.002197 1929.186646 1065.303589
  40           "rs" 3762  10910.890625 17413.310547 8141.013184
  41           "rz" 2991  8160.307129 10189.129883 7884.592773
  42           "sh" 6112  19132.962891 29893.964844 23553.373047
  43           "si" 34432  329740.218750 307184.031250 817678.625000
  44           "tj" 5250  21375.652344 19087.951172 9987.192383
  45           "ts" 8667  31997.324219 30042.828125 38774.742188
  46           "uu" 3902  12024.750977 20873.373047 12884.470703
  47           "zh" 4943  12983.978516 13718.464844 21734.398438
  48          "swa"    0    0.000000   0.000000   0.000000
