   1            "a" 38377  85173.882813 102887.140625 79516.093750
   2            "b" 9294  31348.132813 19698.984375 19879.634766
   3            "d" 17140  32640.755859 27472.566406 43150.062500
   4            "e" 55694  101252.140625 107529.210938 87036.460938
   5            "f" 3989  10063.818359 15385.882813 9361.473633
   6            "g" 2526  5732.049805 5628.477539 7173.341309
   7            "h" 7446  14502.913086 17618.427734 16351.922852
   8            "i" 35374  61347.593750 82182.359375 67436.937500
   9            "k" 19717  61272.121094 41930.507813 60325.214844
  10            "l" 24774  47819.136719 55021.484375 50517.859375
  11            "m" 18939  37416.144531 61513.710938 43400.070313
  12            "n" 25185  46660.398438 53865.433594 54456.687500
  13            "o" 45258  85219.570313 93020.015625 84119.414063
  14            "p" 19114  73338.750000 43595.644531 37397.375000
  15            "r" 19433  37517.085938 35336.003906 32530.101563
  16            "s" 26908  89453.882813 128775.554688 82469.273438
  17            "t" 27407  81995.171875 61677.488281 72618.359375
  18            "u" 17895  37224.425781 56398.632813 43333.316406
  19            "v" 21472  38499.761719 39137.929688 38877.992188
  20            "x" 5484  13115.787109 22812.007813 16720.767578
  21            "y" 16069  30732.156250 29416.250000 47724.710938
  22            "z" 10611  26581.740234 41025.640625 27572.441406
  23           "aa" 12886  44280.828125 80254.492188 52489.503906
  24           "ch" 5709  26864.523438 26996.539063 20813.474609
  25           "dg"  232  1223.084595 1020.040833 743.039734
  26           "dj" 3597  10604.095703 10978.727539 10644.108398
  27           "dz"  284  931.059998 1168.831177 850.115112
  28           "ee" 6604  17072.162109 33820.105469 21488.724609
  29           "ii" 22811  54533.878906 89851.335938 59086.488281
  30           "n0"    0    0.000000   0.000000   0.000000
  31           "n1"    0    0.000000   0.000000   0.000000
  32           "n2"    0    0.000000   0.000000   0.000000
  33           "n3"    0    0.000000   0.000000   0.000000
  34           "n4"    0    0.000000   0.000000   0.000000
  35           "n5"    0    0.000000   0.000000   0.000000
  36           "mg"  172  493.025696 605.044617 413.820984
  37           "ng"  692  1941.154419 2413.049072 1753.699219
  38           "nj" 12506  39231.917969 27492.277344 31747.710938
  39           "oo"  267  1100.323730 1928.776245 1130.812012
  40           "rs" 3762  12841.017578 13317.775391 8139.443359
  41           "rz" 2991  8798.166992 10974.832031 6671.817383
  42           "sh" 6112  21445.078125 31436.980469 18561.382813
  43           "si" 34432  683363.937500 283515.281250 490151.937500
  44           "tj" 5250  23253.572266 17818.244141 9095.391602
  45           "ts" 8667  41305.589844 35222.921875 28570.275391
  46           "uu" 3902  12120.016602 20526.732422 13384.832031
  47           "zh" 4943  14361.973633 21347.365234 12858.323242
  48          "swa"    0    0.000000   0.000000   0.000000
