   1            "a" 38377  78280.156250 84175.312500 81548.453125
   2            "b" 9294  32543.851563 21912.681641 21602.644531
   3            "d" 17140  36771.679688 35668.542969 38295.996094
   4            "e" 55694  85090.726563 93274.382813 88843.882813
   5            "f" 3989  10531.689453 14920.245117 11462.602539
   6            "g" 2526  6980.195801 5422.312500 7113.282227
   7            "h" 7446  16522.269531 16447.769531 17104.447266
   8            "i" 35374  61166.433594 68725.531250 77066.132813
   9            "k" 19717  62069.273438 50565.941406 65448.976563
  10            "l" 24774  54894.339844 48265.664063 48524.796875
  11            "m" 18939  48553.488281 56908.632813 48483.335938
  12            "n" 25185  54145.343750 55099.496094 57372.753906
  13            "o" 45258  77038.781250 80512.859375 82352.218750
  14            "p" 19114  69405.507813 46065.457031 42768.582031
  15            "r" 19433  37385.519531 35634.500000 35490.042969
  16            "s" 26908  92854.210938 123236.320313 87700.945313
  17            "t" 27407  77060.343750 61673.152344 79549.507813
  18            "u" 17895  43513.964844 45819.343750 46617.449219
  19            "v" 21472  45779.957031 39243.777344 40708.503906
  20            "x" 5484  15910.150391 22877.824219 18361.085938
  21            "y" 16069  33337.253906 34390.710938 37901.695313
  22            "z" 10611  34027.070313 36782.820313 31683.355469
  23           "aa" 12886  40784.734375 76184.046875 48595.152344
  24           "ch" 5709  27981.751953 28628.734375 21368.552734
  25           "dg"  232  1288.203979 1040.868164 933.493408
  26           "dj" 3597  12156.773438 11980.626953 10944.395508
  27           "dz"  284  1032.226929 1099.635864 1025.059692
  28           "ee" 6604  17442.884766 30018.109375 21575.300781
  29           "ii" 22811  62362.050781 74425.023438 60790.703125
  30           "n0"    0    0.000000   0.000000   0.000000
  31           "n1"    0    0.000000   0.000000   0.000000
  32           "n2"    0    0.000000   0.000000   0.000000
  33           "n3"    0    0.000000   0.000000   0.000000
  34           "n4"    0    0.000000   0.000000   0.000000
  35           "n5"    0    0.000000   0.000000   0.000000
  36           "mg"  172  559.038452 552.747009 513.602234
  37           "ng"  692  2438.428955 2189.361572 1942.213501
  38           "nj" 12506  43277.574219 33535.699219 38133.148438
  39           "oo"  267  1122.653687 1683.305298 1215.501709
  40           "rs" 3762  14570.049805 12607.904297 9802.994141
  41           "rz" 2991  9746.433594 9802.863281 9649.448242
  42           "sh" 6112  23115.039063 30651.414063 21134.138672
  43           "si" 34432  681704.562500 415029.656250 333564.156250
  44           "tj" 5250  21465.439453 18554.574219 12618.518555
  45           "ts" 8667  38706.519531 38168.597656 29158.164063
  46           "uu" 3902  14569.092773 18266.304688 14377.689453
  47           "zh" 4943  17943.792969 19748.289063 16323.564453
  48          "swa"    0    0.000000   0.000000   0.000000
