   1            "a" 38377  78081.218750 113530.742188 90503.226563
   2            "b" 9294  20188.203125 26866.333984 22103.013672
   3            "d" 17140  30851.066406 34874.335938 32841.664063
   4            "e" 55694  112043.421875 91205.500000 99347.046875
   5            "f" 3989  9140.160156 13564.543945 11954.305664
   6            "g" 2526  5104.255371 6312.199219 6991.232422
   7            "h" 7446  15001.507813 16368.720703 17750.310547
   8            "i" 35374  76751.046875 66556.117188 72136.132813
   9            "k" 19717  54359.664063 61407.453125 50149.359375
  10            "l" 24774  53367.644531 59405.261719 50118.585938
  11            "m" 18939  35751.925781 60576.261719 44247.894531
  12            "n" 25185  48637.121094 56633.687500 45951.851563
  13            "o" 45258  79061.195313 98195.601563 85166.351563
  14            "p" 19114  57716.800781 57334.566406 32791.406250
  15            "r" 19433  35872.480469 31048.685547 33969.597656
  16            "s" 26908  71177.867188 93175.757813 144134.546875
  17            "t" 27407  68945.148438 79305.726563 60843.886719
  18            "u" 17895  57882.882813 41930.226563 39534.738281
  19            "v" 21472  32805.753906 35191.156250 36386.539063
  20            "x" 5484  12774.706055 18509.693359 22584.396484
  21            "y" 16069  31656.886719 42170.429688 38723.140625
  22            "z" 10611  27399.845703 31246.703125 36765.171875
  23           "aa" 12886  43009.554688 83235.085938 50786.683594
  24           "ch" 5709  24077.244141 17697.580078 30342.193359
  25           "dg"  232  1388.558472 800.559204 709.581604
  26           "dj" 3597  10973.140625 12153.629883 9141.391602
  27           "dz"  284  819.828674 937.246094 926.275635
  28           "ee" 6604  17281.812500 33444.601563 21075.353516
  29           "ii" 22811  69074.250000 66631.421875 63039.988281
  30           "n0"    0    0.000000   0.000000   0.000000
  31           "n1"    0    0.000000   0.000000   0.000000
  32           "n2"    0    0.000000   0.000000   0.000000
  33           "n3"    0    0.000000   0.000000   0.000000
  34           "n4"    0    0.000000   0.000000   0.000000
  35           "n5"    0    0.000000   0.000000   0.000000
  36           "mg"  172  461.407196 653.161316 438.559906
  37           "ng"  692  3079.478027 1741.269653 1608.153320
  38           "nj" 12506  34664.250000 35033.871094 37597.890625
  39           "oo"  267  1118.434814 1946.191528 984.333740
  40           "rs" 3762  10785.283203 16717.453125 8496.347656
  41           "rz" 2991  7924.308594 10533.101563 7837.210449
  42           "sh" 6112  18801.839844 31293.263672 22197.779297
  43           "si" 34432  349563.937500 254440.875000 841842.937500
  44           "tj" 5250  21704.242188 19241.291016 9500.059570
  45           "ts" 8667  32896.843750 31170.875000 37471.031250
  46           "uu" 3902  12596.462891 19899.957031 13033.034180
  47           "zh" 4943  13624.398438 13229.582031 21071.294922
  48          "swa"    0    0.000000   0.000000   0.000000
