   1           "mj"   46  27932.994141
   2           "pb"   46  31840.000000
   3   "pavel_rada"   46  17138.998047
   4 "otomar_nemecek"   46  22512.998047
   5      "dvorsky"   46  22514.000000
   6 "martin_jiricek"   46  18099.996094
   7    "kounovsky"   46  16214.997070
   8       "vaclav"   46  17663.998047
   9        "tomas"   46  16810.998047
  10        "cerny"   46  32126.998047
  11        "smola"   46  13480.998047
  12        "fejgl"   46  13889.999023
  13        "kasal"   46  22786.998047
  14       "blazek"   46  27655.998047
  15 "frantisek_vlas"   46  21661.998047
  16      "nozicka"   46  18875.000000
  17     "motejlek"   46  30005.998047
  18 "martin_paroubek"   51  26021.996094
  19          "jan"   46  17030.996094
  20        "david"   46  17064.998047
  21          "mak"   46  32286.996094
  22          "mar"   46  29805.998047
  23         "mpch"   46  29918.996094
  24          "mfd"   46  41205.996094
  25          "mfl"   46  28182.998047
  26          "mjb"   46  26946.998047
  27          "mjl"   47  30238.998047
  28          "mjs"   46  33966.996094
  29          "mjt"   46  26223.996094
  30          "mkk"   46  38010.996094
  31          "mms"   45  24893.998047
  32          "mos"   46  30315.998047
  33          "mpm"   46  30756.996094
  34          "mpn"   46  40878.996094
  35          "mps"   46  34035.996094
  36          "mpz"   46  29697.998047
  37         "mps2"   46  28926.996094
  38          "mvl"   46  23336.996094
  39          "mzs"   46  35475.996094
  40         "mvl2"   47  31235.998047
  41      "polacek"   46  39024.000000
  42          "zab"   46  39265.000000
  43          "zas"   46  29403.998047
  44          "zbs"   46  33448.000000
  45          "zhl"   46  38990.996094
  46          "zhn"   46  25035.998047
  47          "zht"   46  30360.996094
  48          "zil"   45  31352.998047
  49          "zjh"   46  29454.998047
  50          "zjs"   46  26121.998047
  51          "zkc"   46  26691.996094
  52          "zkk"   46  29322.996094
  53          "zkn"   46  25640.998047
  54          "zkv"   46  32898.000000
  55          "zlg"   46  25022.998047
  56          "zlj"   46  37545.996094
  57          "zlk"   46  36036.996094
  58          "zlr"   46  29154.998047
  59          "zls"   46  35718.996094
  60          "zlt"   46  30183.998047
  61          "zmd"   46  32097.996094
  62          "zmh"   46  34893.996094
  63          "zmn"   46  36252.996094
  64          "zmt"   46  28560.998047
  65          "znm"   46  45771.996094
  66          "zrh"   46  36846.996094
  67          "zss"   46  26883.998047
  68          "ztk"   45  31343.996094
  69          "ztv"   45  27575.998047
  70  "michal_rott"   45  20216.996094
  71     "jan_hybs"   47  24208.998047
  72        "trnka"   46  20524.998047
  73 "martin_beranek"   44  18661.994141
  74      "safarik"   46  23850.996094
  75      "foldyna"   46  33573.996094
  76 "radek_safarik"   46  21424.000000
  77       "vratny"   46  27971.998047
  78    "svarovsky"   46  31597.000000
  79  "jan_kanajlo"   46  34403.996094
  80        "dutka"   46  26306.998047
  81   "ales_russe"   46  22005.998047
  82 "lukas_mateju"   46  17075.998047
  83        "vacek"   46  24124.000000
  84        "horky"   46  30730.998047
  85        "kolar"   46  26018.998047
  86       "breuer"   46  28070.000000
  87        "kovar"   46  21366.998047
  88      "linhart"   46  30086.998047
  89         "zkv2"   46  27738.998047
  90       "halada"   46  37428.996094
  91 "martin_kaiser"   46  22222.998047
  92  "zdenek_kybl"   46  17383.996094
  93      "chmelik"   46  27839.998047
  94         "zls2"   46  31083.996094
  95         "zss2"   46  26757.998047
