   1            "a" 38377  78394.296875 87394.773438 83354.671875
   2            "b" 9294  32198.070313 21753.933594 21179.822266
   3            "d" 17140  35701.335938 36696.929688 37050.042969
   4            "e" 55694  87754.414063 94870.656250 89168.578125
   5            "f" 3989  10310.000977 14822.991211 11181.056641
   6            "g" 2526  6820.849121 5449.558594 6966.117676
   7            "h" 7446  16147.957031 16622.689453 16648.310547
   8            "i" 35374  61879.007813 70264.593750 75046.929688
   9            "k" 19717  60680.171875 47806.683594 66737.476563
  10            "l" 24774  52694.671875 49317.925781 48524.589844
  11            "m" 18939  48044.519531 58091.558594 45923.031250
  12            "n" 25185  51061.253906 56475.417969 55885.175781
  13            "o" 45258  80060.421875 81315.320313 82243.343750
  14            "p" 19114  69126.015625 45649.042969 42824.796875
  15            "r" 19433  37250.312500 35847.000000 34448.730469
  16            "s" 26908  92264.625000 124290.101563 88513.554688
  17            "t" 27407  78475.085938 59637.183594 79021.468750
  18            "u" 17895  43162.988281 46829.195313 46015.613281
  19            "v" 21472  42632.234375 40051.812500 40700.132813
  20            "x" 5484  15062.651367 22772.925781 18271.244141
  21            "y" 16069  33050.089844 33504.246094 39566.824219
  22            "z" 10611  32637.853516 36826.277344 31183.054688
  23           "aa" 12886  41027.839844 78466.570313 48951.511719
  24           "ch" 5709  27408.349609 29473.968750 20657.714844
  25           "dg"  232  1268.248169 1043.516724 890.601440
  26           "dj" 3597  12005.681641 11877.426758 10737.635742
  27           "dz"  284  990.920410 1085.569824 1021.892822
  28           "ee" 6604  16575.937500 31064.460938 21522.744141
  29           "ii" 22811  61733.796875 76361.109375 61013.507813
  30           "n0"    0    0.000000   0.000000   0.000000
  31           "n1"    0    0.000000   0.000000   0.000000
  32           "n2"    0    0.000000   0.000000   0.000000
  33           "n3"    0    0.000000   0.000000   0.000000
  34           "n4"    0    0.000000   0.000000   0.000000
  35           "n5"    0    0.000000   0.000000   0.000000
  36           "mg"  172  541.117554 557.759705 499.578033
  37           "ng"  692  2277.425781 2233.454590 1861.541138
  38           "nj" 12506  44070.960938 32144.277344 37212.957031
  39           "oo"  267  1087.024658 1754.044434 1192.349487
  40           "rs" 3762  14167.195313 12515.456055 9652.905273
  41           "rz" 2991  9513.192383 9793.409180 9379.494141
  42           "sh" 6112  22508.775391 31320.359375 20735.191406
  43           "si" 34432  678891.812500 415213.125000 343066.125000
  44           "tj" 5250  21865.755859 18227.341797 11949.036133
  45           "ts" 8667  38945.726563 38063.382813 29100.986328
  46           "uu" 3902  14431.822266 18206.685547 14319.628906
  47           "zh" 4943  17546.707031 19719.937500 15803.791992
  48          "swa"    0    0.000000   0.000000   0.000000
