   1            "a" 38377  86402.015625 113508.960938 85752.609375
   2            "b" 9294  31035.082031 19077.218750 17885.697266
   3            "d" 17140  34290.222656 26985.349609 36878.511719
   4            "e" 55694  96093.843750 117691.796875 98146.671875
   5            "f" 3989  9552.049805 15256.283203 10323.990234
   6            "g" 2526  5291.313477 5944.035645 7613.164063
   7            "h" 7446  14159.221680 17504.205078 17605.960938
   8            "i" 35374  62578.738281 85276.273438 72324.070313
   9            "k" 19717  62116.113281 39174.925781 60354.847656
  10            "l" 24774  43570.679688 58363.070313 49920.230469
  11            "m" 18939  34193.078125 61916.414063 42993.480469
  12            "n" 25185  49449.671875 52266.359375 44597.046875
  13            "o" 45258  85392.421875 101746.531250 84102.132813
  14            "p" 19114  73461.351563 37926.023438 37763.210938
  15            "r" 19433  38672.210938 34509.765625 30659.904297
  16            "s" 26908  85924.875000 133644.187500 84846.250000
  17            "t" 27407  81517.945313 59662.714844 71421.578125
  18            "u" 17895  38362.566406 61723.050781 41756.675781
  19            "v" 21472  39788.210938 36135.328125 36341.023438
  20            "x" 5484  12703.709961 23818.148438 15580.142578
  21            "y" 16069  30800.361328 28618.103516 52111.699219
  22            "z" 10611  27346.943359 40673.753906 26178.757813
  23           "aa" 12886  42288.738281 86289.296875 52537.718750
  24           "ch" 5709  26577.560547 27264.619141 20295.847656
  25           "dg"  232  1250.814087 1091.840820 739.718201
  26           "dj" 3597  11800.104492 11513.167969 8394.505859
  27           "dz"  284  848.143433 1140.748779 891.547729
  28           "ee" 6604  16142.125977 34805.246094 22040.771484
  29           "ii" 22811  48882.660156 92512.406250 61432.480469
  30           "n0"    0    0.000000   0.000000   0.000000
  31           "n1"    0    0.000000   0.000000   0.000000
  32           "n2"    0    0.000000   0.000000   0.000000
  33           "n3"    0    0.000000   0.000000   0.000000
  34           "n4"    0    0.000000   0.000000   0.000000
  35           "n5"    0    0.000000   0.000000   0.000000
  36           "mg"  172  388.661987 699.490601 350.169739
  37           "ng"  692  1849.282715 2423.854004 1823.281982
  38           "nj" 12506  35678.925781 31407.224609 29713.001953
  39           "oo"  267  1234.027100 2013.462524 1034.260132
  40           "rs" 3762  12996.770508 14600.230469 6620.712402
  41           "rz" 2991  9052.272461 10829.186523 6302.627930
  42           "sh" 6112  19800.214844 30583.615234 20625.582031
  43           "si" 34432  582815.875000 238045.312500 610765.687500
  44           "tj" 5250  22060.673828 18117.882813 8854.658203
  45           "ts" 8667  38041.761719 38402.984375 27534.140625
  46           "uu" 3902  12358.536133 21168.240234 12762.433594
  47           "zh" 4943  14898.684570 21267.382813 12750.163086
  48          "swa"    0    0.000000   0.000000   0.000000
