   1           "mj"   46  27932.968750
   2           "pb"   46  31839.972656
   3   "pavel_rada"   46  17138.986328
   4 "otomar_nemecek"   46  22512.978516
   5      "dvorsky"   46  22513.972656
   6 "martin_jiricek"   46  18099.972656
   7    "kounovsky"   46  16214.981445
   8       "vaclav"   46  17663.984375
   9        "tomas"   46  16810.968750
  10        "cerny"   46  32126.974609
  11        "smola"   46  13480.979492
  12        "fejgl"   46  13889.973633
  13        "kasal"   46  22786.982422
  14       "blazek"   46  27655.976563
  15 "frantisek_vlas"   46  21661.976563
  16      "nozicka"   46  18874.980469
  17     "motejlek"   46  30005.974609
  18 "martin_paroubek"   51  26021.980469
  19          "jan"   46  17030.984375
  20        "david"   46  17064.972656
  21          "mak"   46  32286.966797
  22          "mar"   46  29805.980469
  23         "mpch"   46  29918.978516
  24          "mfd"   46  41205.976563
  25          "mfl"   46  28182.968750
  26          "mjb"   46  26946.974609
  27          "mjl"   47  30238.978516
  28          "mjs"   46  33966.976563
  29          "mjt"   46  26223.982422
  30          "mkk"   46  38010.976563
  31          "mms"   45  24893.982422
  32          "mos"   46  30315.974609
  33          "mpm"   46  30756.970703
  34          "mpn"   46  40878.949219
  35          "mps"   46  34035.968750
  36          "mpz"   46  29697.974609
  37         "mps2"   46  28926.978516
  38          "mvl"   46  23336.974609
  39          "mzs"   46  35475.968750
  40         "mvl2"   47  31235.968750
  41      "polacek"   46  39023.964844
  42          "zab"   46  39264.988281
  43          "zas"   46  29403.980469
  44          "zbs"   46  33447.980469
  45          "zhl"   46  38990.980469
  46          "zhn"   46  25035.970703
  47          "zht"   46  30360.976563
  48          "zil"   45  31352.980469
  49          "zjh"   46  29454.980469
  50          "zjs"   46  26121.970703
  51          "zkc"   46  26691.980469
  52          "zkk"   46  29322.982422
  53          "zkn"   46  25640.980469
  54          "zkv"   46  32897.980469
  55          "zlg"   46  25022.976563
  56          "zlj"   46  37545.980469
  57          "zlk"   46  36036.976563
  58          "zlr"   46  29154.982422
  59          "zls"   46  35718.980469
  60          "zlt"   46  30183.974609
  61          "zmd"   46  32097.982422
  62          "zmh"   46  34893.984375
  63          "zmn"   46  36252.976563
  64          "zmt"   46  28560.982422
  65          "znm"   46  45771.980469
  66          "zrh"   46  36846.976563
  67          "zss"   46  26883.982422
  68          "ztk"   45  31343.982422
  69          "ztv"   45  27575.978516
  70  "michal_rott"   45  20216.968750
  71     "jan_hybs"   47  24208.964844
  72        "trnka"   46  20524.976563
  73 "martin_beranek"   44  18661.978516
  74      "safarik"   46  23850.976563
  75      "foldyna"   46  33573.953125
  76 "radek_safarik"   46  21423.962891
  77       "vratny"   46  27971.990234
  78    "svarovsky"   46  31596.972656
  79  "jan_kanajlo"   46  34403.980469
  80        "dutka"   46  26306.970703
  81   "ales_russe"   46  22005.974609
  82 "lukas_mateju"   46  17075.982422
  83        "vacek"   46  24123.968750
  84        "horky"   46  30730.980469
  85        "kolar"   46  26018.972656
  86       "breuer"   46  28069.966797
  87        "kovar"   46  21366.972656
  88      "linhart"   46  30086.978516
  89         "zkv2"   46  27738.978516
  90       "halada"   46  37428.972656
  91 "martin_kaiser"   46  22222.982422
  92  "zdenek_kybl"   46  17383.982422
  93      "chmelik"   46  27839.966797
  94         "zls2"   46  31083.978516
  95         "zss2"   46  26757.978516
