   1           "mj"   23  14286.942383
   2           "pb"   23  15349.970703
   3   "pavel_rada"   23  8699.982422
   4 "otomar_nemecek"   23  11218.959961
   5      "dvorsky"   23  12469.965820
   6 "martin_jiricek"   23  9277.954102
   7    "kounovsky"   23  8311.975586
   8       "vaclav"   23  8419.980469
   9        "tomas"   23  8065.951172
  10        "cerny"   23  15786.972656
  11        "smola"   23  6622.969727
  12        "fejgl"   23  6451.953125
  13        "kasal"   23  10721.978516
  14       "blazek"   23  14345.965820
  15 "frantisek_vlas"   23  11439.973633
  16      "nozicka"   23  8945.972656
  17     "motejlek"   23  14844.977539
  18 "martin_paroubek"   26  12638.972656
  19          "jan"   23  8847.978516
  20        "david"   23  8473.969727
  21          "mak"   23  15760.938477
  22          "mar"   23  14695.974609
  23         "mpch"   23  14795.971680
  24          "mfd"   23  19564.958984
  25          "mfl"   23  14098.956055
  26          "mjb"   23  13363.956055
  27          "mjl"   24  15728.970703
  28          "mjs"   23  17323.966797
  29          "mjt"   23  13870.972656
  30          "mkk"   23  17875.957031
  31          "mms"   23  12739.979492
  32          "mos"   23  15610.969727
  33          "mpm"   23  15416.953125
  34          "mpn"   23  20422.917969
  35          "mps"   23  16687.960938
  36          "mpz"   23  15316.966797
  37         "mps2"   23  14281.968750
  38          "mvl"   23  11704.958984
  39          "mzs"   23  17821.943359
  40         "mvl2"   24  15959.949219
  41      "polacek"   23  19833.962891
  42          "zab"   23  19222.974609
  43          "zas"   23  14953.972656
  44          "zbs"   23  17182.980469
  45          "zhl"   23  19107.966797
  46          "zhn"   23  12994.958984
  47          "zht"   23  15202.967773
  48          "zil"   23  15532.970703
  49          "zjh"   23  15031.970703
  50          "zjs"   23  12913.960938
  51          "zkc"   23  13600.969727
  52          "zkk"   23  14251.976563
  53          "zkn"   23  12944.970703
  54          "zkv"   23  16321.974609
  55          "zlg"   23  12433.964844
  56          "zlj"   23  18652.970703
  57          "zlk"   23  18055.960938
  58          "zlr"   23  14593.978516
  59          "zls"   23  18064.970703
  60          "zlt"   23  14920.970703
  61          "zmd"   23  16060.977539
  62          "zmh"   23  17089.978516
  63          "zmn"   23  18142.966797
  64          "zmt"   23  14275.974609
  65          "znm"   23  22483.974609
  66          "zrh"   23  17932.966797
  67          "zss"   23  13624.972656
  68          "ztk"   23  15787.974609
  69          "ztv"   23  13534.971680
  70  "michal_rott"   23  10174.956055
  71     "jan_hybs"   24  13243.950195
  72        "trnka"   23  10374.965820
  73 "martin_beranek"   22  9441.951172
  74      "safarik"   23  12214.972656
  75      "foldyna"   23  16955.937500
  76 "radek_safarik"   23  10975.951172
  77       "vratny"   23  14164.986328
  78    "svarovsky"   23  15416.949219
  79  "jan_kanajlo"   23  17354.970703
  80        "dutka"   23  12689.957031
  81   "ales_russe"   23  10969.965820
  82 "lukas_mateju"   23  8875.974609
  83        "vacek"   23  12470.933594
  84        "horky"   23  14241.971680
  85        "kolar"   23  12112.971680
  86       "breuer"   23  14933.953125
  87        "kovar"   23  10368.969727
  88      "linhart"   23  15006.974609
  89         "zkv2"   23  13663.962891
  90       "halada"   23  18199.960938
  91 "martin_kaiser"   23  11044.981445
  92  "zdenek_kybl"   23  8751.970703
  93      "chmelik"   23  13401.952148
  94         "zls2"   23  15106.971680
  95         "zss2"   23  14158.976563
