   1            "a" 38377  76526.703125 95197.398438 91961.273438
   2            "b" 9294  20394.291016 27923.927734 23725.285156
   3            "d" 17140  35201.800781 40921.222656 29987.490234
   4            "e" 55694  105347.054688 83859.414063 96887.000000
   5            "f" 3989  9877.846680 14954.650391 10845.764648
   6            "g" 2526  5153.884766 6005.747070 7574.515625
   7            "h" 7446  14543.814453 17272.904297 16017.307617
   8            "i" 35374  74851.679688 59313.882813 73437.765625
   9            "k" 19717  63230.210938 57236.054688 48393.359375
  10            "l" 24774  50085.042969 48385.917969 51326.175781
  11            "m" 18939  40989.847656 57966.964844 45021.871094
  12            "n" 25185  49116.140625 61324.515625 46362.582031
  13            "o" 45258  80518.539063 89798.875000 83025.320313
  14            "p" 19114  62384.593750 50342.832031 38891.269531
  15            "r" 19433  36749.921875 33042.164063 32952.843750
  16            "s" 26908  77123.085938 95925.617188 130744.039063
  17            "t" 27407  87438.976563 79881.281250 51614.300781
  18            "u" 17895  49672.562500 42209.062500 41566.117188
  19            "v" 21472  41712.562500 36096.476563 40242.921875
  20            "x" 5484  13583.765625 19552.150391 22189.037109
  21            "y" 16069  32511.724609 36093.355469 37461.757813
  22            "z" 10611  28932.298828 38251.757813 31860.779297
  23           "aa" 12886  40890.648438 84845.398438 49138.539063
  24           "ch" 5709  27249.070313 21778.699219 26826.152344
  25           "dg"  232  1358.806030 835.617798 782.043396
  26           "dj" 3597  11609.869141 11574.547852 10288.853516
  27           "dz"  284  939.039490 1038.067139 998.991028
  28           "ee" 6604  16445.109375 33283.636719 20306.574219
  29           "ii" 22811  69472.078125 70466.984375 59412.085938
  30           "n0"    0    0.000000   0.000000   0.000000
  31           "n1"    0    0.000000   0.000000   0.000000
  32           "n2"    0    0.000000   0.000000   0.000000
  33           "n3"    0    0.000000   0.000000   0.000000
  34           "n4"    0    0.000000   0.000000   0.000000
  35           "n5"    0    0.000000   0.000000   0.000000
  36           "mg"  172  541.915710 580.091919 468.009583
  37           "ng"  692  2999.241699 1780.478638 1654.350586
  38           "nj" 12506  37693.605469 33196.667969 37165.683594
  39           "oo"  267  1202.834595 1945.771484 860.779480
  40           "rs" 3762  11461.892578 13993.078125 9669.401367
  41           "rz" 2991  8320.320313 10664.503906 8721.385742
  42           "sh" 6112  21197.777344 30836.511719 21569.949219
  43           "si" 34432  431839.875000 337350.968750 690105.250000
  44           "tj" 5250  23476.962891 17999.326172 9984.108398
  45           "ts" 8667  37141.261719 36311.953125 32394.974609
  46           "uu" 3902  13271.614258 18734.416016 13282.162109
  47           "zh" 4943  13559.283203 16663.328125 19906.835938
  48          "swa"    0    0.000000   0.000000   0.000000
