   1            "a" 38377  78384.250000 91284.242188 82177.125000
   2            "b" 9294  31299.837891 21962.777344 20413.427734
   3            "d" 17140  35091.527344 36329.746094 36985.789063
   4            "e" 55694  91764.148438 95540.742188 87987.875000
   5            "f" 3989  10368.765625 14739.652344 10996.116211
   6            "g" 2526  6716.286621 5446.588867 7014.610840
   7            "h" 7446  15173.730469 17105.984375 16377.366211
   8            "i" 35374  59553.402344 73051.320313 74531.078125
   9            "k" 19717  60018.585938 48317.406250 64932.125000
  10            "l" 24774  51858.660156 49363.421875 49743.742188
  11            "m" 18939  45375.894531 59098.027344 43933.078125
  12            "n" 25185  48904.265625 57443.695313 54812.671875
  13            "o" 45258  82049.523438 82705.390625 82640.656250
  14            "p" 19114  71539.890625 44310.789063 43306.515625
  15            "r" 19433  36897.992188 35081.328125 34641.804688
  16            "s" 26908  93099.203125 125258.078125 88862.796875
  17            "t" 27407  78875.007813 59465.195313 79333.781250
  18            "u" 17895  42431.593750 48853.804688 43224.636719
  19            "v" 21472  41366.066406 39868.566406 39980.472656
  20            "x" 5484  14417.097656 23338.158203 17648.611328
  21            "y" 16069  31300.765625 34278.269531 40612.910156
  22            "z" 10611  31245.775391 36860.015625 31238.982422
  23           "aa" 12886  40159.386719 81041.968750 48973.691406
  24           "ch" 5709  27807.529297 28797.734375 20452.068359
  25           "dg"  232  1262.319336 1031.274902 833.260437
  26           "dj" 3597  11866.176758 11255.686523 10770.190430
  27           "dz"  284  980.922913 1079.677490 990.210266
  28           "ee" 6604  15849.642578 32816.007813 20633.722656
  29           "ii" 22811  60616.246094 79230.820313 61093.269531
  30           "n0"    0    0.000000   0.000000   0.000000
  31           "n1"    0    0.000000   0.000000   0.000000
  32           "n2"    0    0.000000   0.000000   0.000000
  33           "n3"    0    0.000000   0.000000   0.000000
  34           "n4"    0    0.000000   0.000000   0.000000
  35           "n5"    0    0.000000   0.000000   0.000000
  36           "mg"  172  535.205627 555.132629 478.883118
  37           "ng"  692  2197.072510 2269.086670 1833.356934
  38           "nj" 12506  43291.699219 31967.671875 35817.183594
  39           "oo"  267  1097.829346 1772.378662 1134.560059
  40           "rs" 3762  14132.156250 12503.395508 9235.277344
  41           "rz" 2991  9265.977539 9953.440430 9059.340820
  42           "sh" 6112  22131.431641 31730.951172 20027.082031
  43           "si" 34432  673126.250000 424988.062500 344914.062500
  44           "tj" 5250  22555.634766 17744.187500 11418.226563
  45           "ts" 8667  40161.765625 37291.367188 28971.863281
  46           "uu" 3902  13965.198242 18606.511719 14113.621094
  47           "zh" 4943  16840.150391 20012.257813 15591.871094
  48          "swa"    0    0.000000   0.000000   0.000000
