   1            "a" 38377  78428.828125 88055.296875 83432.367188
   2            "b" 9294  32103.507813 21781.878906 21057.386719
   3            "d" 17140  35641.257813 36636.082031 37005.238281
   4            "e" 55694  88296.882813 95058.312500 88830.695313
   5            "f" 3989  10316.861328 14780.134766 11140.929688
   6            "g" 2526  6805.224121 5445.647461 6971.315918
   7            "h" 7446  16060.612305 16684.886719 16610.625000
   8            "i" 35374  61633.277344 70694.585938 74622.804688
   9            "k" 19717  60531.851563 47606.058594 66618.773438
  10            "l" 24774  52581.476563 49333.945313 48608.281250
  11            "m" 18939  47904.812500 58210.500000 45597.613281
  12            "n" 25185  50624.332031 56661.859375 55660.187500
  13            "o" 45258  80669.296875 81483.500000 82079.687500
  14            "p" 19114  69347.046875 45577.707031 42898.746094
  15            "r" 19433  37261.382813 35817.578125 34381.382813
  16            "s" 26908  92200.500000 124373.578125 88661.320313
  17            "t" 27407  78541.054688 59403.976563 79049.593750
  18            "u" 17895  43056.839844 47171.324219 45751.832031
  19            "v" 21472  42565.000000 40026.722656 40695.394531
  20            "x" 5484  14990.708984 22798.232422 18194.568359
  21            "y" 16069  32910.492188 33424.410156 39965.734375
  22            "z" 10611  32381.173828 36863.425781 31178.087891
  23           "aa" 12886  40862.335938 78924.242188 49055.761719
  24           "ch" 5709  27421.166016 29471.675781 20652.048828
  25           "dg"  232  1266.571289 1045.750732 882.179993
  26           "dj" 3597  11983.349609 11819.996094 10729.312500
  27           "dz"  284  989.697388 1082.692017 1017.149536
  28           "ee" 6604  16483.699219 31256.521484 21452.628906
  29           "ii" 22811  61506.031250 76796.390625 60924.523438
  30           "n0"    0    0.000000   0.000000   0.000000
  31           "n1"    0    0.000000   0.000000   0.000000
  32           "n2"    0    0.000000   0.000000   0.000000
  33           "n3"    0    0.000000   0.000000   0.000000
  34           "n4"    0    0.000000   0.000000   0.000000
  35           "n5"    0    0.000000   0.000000   0.000000
  36           "mg"  172  539.366272 561.602600 498.245789
  37           "ng"  692  2265.041016 2245.750000 1857.617920
  38           "nj" 12506  44109.519531 31966.531250 37085.320313
  39           "oo"  267  1091.201050 1762.783203 1188.423706
  40           "rs" 3762  14157.143555 12511.497070 9621.381836
  41           "rz" 2991  9474.125000 9799.720703 9369.279297
  42           "sh" 6112  22478.208984 31357.343750 20713.230469
  43           "si" 34432  674600.937500 417459.593750 345608.093750
  44           "tj" 5250  21937.779297 18142.771484 11878.645508
  45           "ts" 8667  39096.851563 37950.210938 29055.189453
  46           "uu" 3902  14411.121094 18201.203125 14341.729492
  47           "zh" 4943  17509.386719 19689.896484 15779.229492
  48          "swa"    0    0.000000   0.000000   0.000000
