   1            "a" 38377  79408.414063 91314.148438 81739.085938
   2            "b" 9294  31143.568359 21872.941406 20394.912109
   3            "d" 17140  35057.109375 36049.687500 37270.167969
   4            "e" 55694  92783.523438 95268.695313 86729.851563
   5            "f" 3989  10400.416016 14670.736328 10987.062500
   6            "g" 2526  6646.506348 5461.978516 7037.746094
   7            "h" 7446  15303.086914 17058.683594 16422.183594
   8            "i" 35374  59171.757813 72966.523438 74269.304688
   9            "k" 19717  60086.046875 48124.730469 64943.375000
  10            "l" 24774  51989.042969 49349.007813 50018.007813
  11            "m" 18939  44867.101563 58850.621094 44183.070313
  12            "n" 25185  48241.304688 57241.316406 54835.554688
  13            "o" 45258  82521.179688 83036.226563 82467.984375
  14            "p" 19114  71392.351563 44078.707031 43163.667969
  15            "r" 19433  36893.343750 34634.558594 34916.046875
  16            "s" 26908  93117.968750 125801.664063 88360.687500
  17            "t" 27407  78869.531250 59547.062500 79116.601563
  18            "u" 17895  42256.089844 49130.535156 43297.796875
  19            "v" 21472  41142.988281 39803.093750 39759.234375
  20            "x" 5484  14548.834961 23285.828125 17646.574219
  21            "y" 16069  31656.529297 33848.003906 40689.140625
  22            "z" 10611  30969.099609 36962.070313 31168.183594
  23           "aa" 12886  40098.746094 81244.789063 49285.093750
  24           "ch" 5709  28080.023438 28428.687500 20498.394531
  25           "dg"  232  1259.488647 1024.478516 818.622070
  26           "dj" 3597  11807.944336 11145.374023 10818.070313
  27           "dz"  284  976.504150 1087.395874 973.450562
  28           "ee" 6604  15922.952148 33018.046875 20430.794922
  29           "ii" 22811  60903.722656 78808.945313 61310.546875
  30           "n0"    0    0.000000   0.000000   0.000000
  31           "n1"    0    0.000000   0.000000   0.000000
  32           "n2"    0    0.000000   0.000000   0.000000
  33           "n3"    0    0.000000   0.000000   0.000000
  34           "n4"    0    0.000000   0.000000   0.000000
  35           "n5"    0    0.000000   0.000000   0.000000
  36           "mg"  172  531.367065 555.087463 478.598083
  37           "ng"  692  2186.250244 2260.682373 1828.900146
  38           "nj" 12506  42985.074219 32142.503906 35808.742188
  39           "oo"  267  1103.027344 1767.560303 1125.812622
  40           "rs" 3762  14196.319336 12457.401367 9225.361328
  41           "rz" 2991  9279.516602 9996.146484 8966.146484
  42           "sh" 6112  22170.880859 31644.027344 19983.894531
  43           "si" 34432  675924.187500 426882.000000 342854.781250
  44           "tj" 5250  22701.931641 17625.181641 11311.570313
  45           "ts" 8667  40601.183594 36776.250000 29179.646484
  46           "uu" 3902  13959.560547 18596.318359 14091.376953
  47           "zh" 4943  16746.355469 20078.347656 15555.522461
  48          "swa"    0    0.000000   0.000000   0.000000
