   1            "a" 38377  78312.171875 90168.500000 83301.328125
   2            "b" 9294  31581.917969 21971.830078 20620.298828
   3            "d" 17140  35175.875000 36372.105469 36999.777344
   4            "e" 55694  90427.945313 95356.226563 88731.882813
   5            "f" 3989  10337.996094 14704.498047 11097.357422
   6            "g" 2526  6748.059082 5426.722168 7012.908691
   7            "h" 7446  15447.915039 17056.664063 16418.851563
   8            "i" 35374  60026.359375 72417.195313 74341.421875
   9            "k" 19717  59941.281250 48122.351563 65701.859375
  10            "l" 24774  51954.234375 49240.464844 49455.863281
  11            "m" 18939  46684.722656 58739.992188 44276.914063
  12            "n" 25185  49267.757813 57246.929688 54984.449219
  13            "o" 45258  81847.578125 82183.125000 82567.906250
  14            "p" 19114  70842.273438 44961.261719 43223.878906
  15            "r" 19433  36923.558594 35366.457031 34526.625000
  16            "s" 26908  92725.820313 124287.210938 89336.437500
  17            "t" 27407  78773.210938 59169.285156 79511.828125
  18            "u" 17895  42600.539063 48556.921875 43470.042969
  19            "v" 21472  41729.742188 39846.753906 40406.800781
  20            "x" 5484  14570.028320 23029.556641 17900.037109
  21            "y" 16069  31435.291016 34044.648438 40772.050781
  22            "z" 10611  31499.318359 36861.101563 31193.193359
  23           "aa" 12886  40266.664063 80378.257813 49140.589844
  24           "ch" 5709  27600.980469 29069.326172 20627.908203
  25           "dg"  232  1267.362061 1041.682129 852.725403
  26           "dj" 3597  11875.178711 11457.537109 10767.355469
  27           "dz"  284  988.121643 1079.752441 1006.024536
  28           "ee" 6604  15975.391602 32290.583984 21073.746094
  29           "ii" 22811  60625.074219 78795.781250 60697.914063
  30           "n0"    0    0.000000   0.000000   0.000000
  31           "n1"    0    0.000000   0.000000   0.000000
  32           "n2"    0    0.000000   0.000000   0.000000
  33           "n3"    0    0.000000   0.000000   0.000000
  34           "n4"    0    0.000000   0.000000   0.000000
  35           "n5"    0    0.000000   0.000000   0.000000
  36           "mg"  172  537.204346 560.555908 490.563843
  37           "ng"  692  2243.466064 2269.544678 1840.968018
  38           "nj" 12506  43987.160156 31870.029297 36001.851563
  39           "oo"  267  1104.535645 1778.870728 1152.315308
  40           "rs" 3762  14148.840820 12513.146484 9404.932617
  41           "rz" 2991  9345.619141 9862.488281 9288.417969
  42           "sh" 6112  22316.316406 31469.611328 20458.738281
  43           "si" 34432  667537.500000 423671.562500 349538.187500
  44           "tj" 5250  22324.279297 17804.755859 11663.720703
  45           "ts" 8667  39826.542969 37581.101563 28834.447266
  46           "uu" 3902  14105.690430 18538.781250 14218.578125
  47           "zh" 4943  17158.019531 19824.716797 15687.740234
  48          "swa"    0    0.000000   0.000000   0.000000
