   1            "a" 38377  77882.093750 112350.000000 90826.984375
   2            "b" 9294  19072.681641 27595.369141 22261.968750
   3            "d" 17140  30779.134766 35579.886719 32259.748047
   4            "e" 55694  118769.812500 89394.257813 97658.218750
   5            "f" 3989  9553.694336 14551.648438 10608.879883
   6            "g" 2526  5167.048828 6509.753906 6867.528809
   7            "h" 7446  15182.672852 16130.055664 16701.117188
   8            "i" 35374  79313.976563 63929.691406 71562.695313
   9            "k" 19717  59559.484375 58868.121094 47128.640625
  10            "l" 24774  51335.781250 58164.253906 49194.093750
  11            "m" 18939  35987.472656 59433.218750 44979.316406
  12            "n" 25185  48402.832031 57236.953125 45458.875000
  13            "o" 45258  81292.554688 96457.335938 86282.390625
  14            "p" 19114  60071.660156 54250.152344 33322.566406
  15            "r" 19433  37163.964844 30551.921875 33515.855469
  16            "s" 26908  73244.531250 96795.585938 136422.312500
  17            "t" 27407  75945.492188 77290.328125 56842.359375
  18            "u" 17895  54312.859375 43481.589844 40898.859375
  19            "v" 21472  35206.421875 34865.917969 37225.652344
  20            "x" 5484  12528.464844 19414.580078 22069.777344
  21            "y" 16069  32346.728516 39817.402344 37107.132813
  22            "z" 10611  26695.953125 33455.738281 34692.484375
  23           "aa" 12886  45262.222656 81899.195313 50966.593750
  24           "ch" 5709  24459.902344 18169.515625 29386.552734
  25           "dg"  232  1351.302246 811.715881 700.580017
  26           "dj" 3597  11014.375977 11658.420898 9520.867188
  27           "dz"  284  818.260376 1002.783936 957.330566
  28           "ee" 6604  17092.417969 34040.027344 21083.517578
  29           "ii" 22811  69049.781250 66900.507813 62217.582031
  30           "n0"    0    0.000000   0.000000   0.000000
  31           "n1"    0    0.000000   0.000000   0.000000
  32           "n2"    0    0.000000   0.000000   0.000000
  33           "n3"    0    0.000000   0.000000   0.000000
  34           "n4"    0    0.000000   0.000000   0.000000
  35           "n5"    0    0.000000   0.000000   0.000000
  36           "mg"  172  481.607330 638.627075 423.569611
  37           "ng"  692  3035.555420 1694.991089 1627.022339
  38           "nj" 12506  34611.453125 35216.851563 35485.417969
  39           "oo"  267  1208.371826 1934.114868 953.666992
  40           "rs" 3762  10711.927734 15617.807617 8994.460938
  41           "rz" 2991  7971.988770 10655.450195 7919.478516
  42           "sh" 6112  19189.814453 30905.166016 22017.212891
  43           "si" 34432  398696.687500 311104.406250 742347.375000
  44           "tj" 5250  22194.908203 19019.367188 9425.491211
  45           "ts" 8667  33138.234375 32803.437500 35965.554688
  46           "uu" 3902  12741.132813 19668.083984 13155.073242
  47           "zh" 4943  13553.559570 14037.910156 20389.511719
  48          "swa"    0    0.000000   0.000000   0.000000
