   1           "mj"   23  14286.985352
   2           "pb"   23  15349.994141
   3   "pavel_rada"   23  8699.995117
   4 "otomar_nemecek"   23  11218.989258
   5      "dvorsky"   23  12469.992188
   6 "martin_jiricek"   23  9277.984375
   7    "kounovsky"   23  8311.991211
   8       "vaclav"   23  8419.993164
   9        "tomas"   23  8065.990234
  10        "cerny"   23  15786.991211
  11        "smola"   23  6622.992676
  12        "fejgl"   23  6451.989746
  13        "kasal"   23  10721.992188
  14       "blazek"   23  14345.991211
  15 "frantisek_vlas"   23  11439.992188
  16      "nozicka"   23  8945.991211
  17     "motejlek"   23  14844.995117
  18 "martin_paroubek"   26  12638.988281
  19          "jan"   23  8847.992188
  20        "david"   23  8473.994141
  21          "mak"   23  15760.987305
  22          "mar"   23  14695.989258
  23         "mpch"   23  14795.990234
  24          "mfd"   23  19564.990234
  25          "mfl"   23  14098.992188
  26          "mjb"   23  13363.988281
  27          "mjl"   24  15728.992188
  28          "mjs"   23  17323.992188
  29          "mjt"   23  13870.993164
  30          "mkk"   23  17875.986328
  31          "mms"   23  12739.989258
  32          "mos"   23  15610.993164
  33          "mpm"   23  15416.988281
  34          "mpn"   23  20422.988281
  35          "mps"   23  16687.986328
  36          "mpz"   23  15316.991211
  37         "mps2"   23  14281.990234
  38          "mvl"   23  11704.988281
  39          "mzs"   23  17821.988281
  40         "mvl2"   24  15959.986328
  41      "polacek"   23  19833.992188
  42          "zab"   23  19222.994141
  43          "zas"   23  14953.994141
  44          "zbs"   23  17182.994141
  45          "zhl"   23  19107.992188
  46          "zhn"   23  12994.993164
  47          "zht"   23  15202.995117
  48          "zil"   23  15532.991211
  49          "zjh"   23  15031.989258
  50          "zjs"   23  12913.990234
  51          "zkc"   23  13600.991211
  52          "zkk"   23  14251.992188
  53          "zkn"   23  12944.994141
  54          "zkv"   23  16321.994141
  55          "zlg"   23  12433.994141
  56          "zlj"   23  18652.994141
  57          "zlk"   23  18055.990234
  58          "zlr"   23  14593.993164
  59          "zls"   23  18064.990234
  60          "zlt"   23  14920.992188
  61          "zmd"   23  16060.992188
  62          "zmh"   23  17089.994141
  63          "zmn"   23  18142.988281
  64          "zmt"   23  14275.994141
  65          "znm"   23  22483.992188
  66          "zrh"   23  17932.990234
  67          "zss"   23  13624.992188
  68          "ztk"   23  15787.991211
  69          "ztv"   23  13534.990234
  70  "michal_rott"   23  10174.994141
  71     "jan_hybs"   24  13243.988281
  72        "trnka"   23  10374.991211
  73 "martin_beranek"   22  9441.985352
  74      "safarik"   23  12214.994141
  75      "foldyna"   23  16955.990234
  76 "radek_safarik"   23  10975.999023
  77       "vratny"   23  14164.990234
  78    "svarovsky"   23  15416.992188
  79  "jan_kanajlo"   23  17354.988281
  80        "dutka"   23  12689.987305
  81   "ales_russe"   23  10969.984375
  82 "lukas_mateju"   23  8875.980469
  83        "vacek"   23  12470.997070
  84        "horky"   23  14241.994141
  85        "kolar"   23  12112.993164
  86       "breuer"   23  14933.992188
  87        "kovar"   23  10368.992188
  88      "linhart"   23  15006.989258
  89         "zkv2"   23  13663.990234
  90       "halada"   23  18199.992188
  91 "martin_kaiser"   23  11044.992188
  92  "zdenek_kybl"   23  8751.990234
  93      "chmelik"   23  13401.994141
  94         "zls2"   23  15106.994141
  95         "zss2"   23  14158.991211
