   1            "a" 38377  89750.601563 105445.203125 83728.007813
   2            "b" 9294  30916.121094 19220.699219 18783.775391
   3            "d" 17140  33383.242188 26741.125000 40801.343750
   4            "e" 55694  99613.492188 113813.710938 94117.140625
   5            "f" 3989  9907.432617 15230.824219 9794.174805
   6            "g" 2526  5480.416992 6109.265137 7326.436035
   7            "h" 7446  14367.184570 17867.728516 17092.634766
   8            "i" 35374  62942.964844 84436.023438 69875.968750
   9            "k" 19717  61310.238281 40259.796875 61443.570313
  10            "l" 24774  46505.941406 58226.460938 48981.757813
  11            "m" 18939  34935.460938 62039.023438 42174.484375
  12            "n" 25185  46656.093750 53861.687500 49610.519531
  13            "o" 45258  83301.523438 97556.945313 85322.609375
  14            "p" 19114  77503.273438 38354.875000 37372.250000
  15            "r" 19433  37807.761719 35703.015625 31383.589844
  16            "s" 26908  87011.031250 132447.656250 83375.765625
  17            "t" 27407  82771.460938 59733.164063 70884.382813
  18            "u" 17895  38261.339844 58516.589844 43470.781250
  19            "v" 21472  38508.867188 38505.210938 37184.027344
  20            "x" 5484  12423.605469 23731.789063 15876.342773
  21            "y" 16069  30444.890625 27974.859375 49765.070313
  22            "z" 10611  26697.080078 42527.546875 25529.402344
  23           "aa" 12886  44753.785156 81620.820313 53327.496094
  24           "ch" 5709  26109.625000 27298.253906 20419.263672
  25           "dg"  232  1250.065430 1069.868286 745.008545
  26           "dj" 3597  11351.497070 11538.568359 9061.243164
  27           "dz"  284  868.303589 1201.339966 854.217529
  28           "ee" 6604  16911.949219 33858.550781 22074.792969
  29           "ii" 22811  50817.742188 92974.242188 60467.820313
  30           "n0"    0    0.000000   0.000000   0.000000
  31           "n1"    0    0.000000   0.000000   0.000000
  32           "n2"    0    0.000000   0.000000   0.000000
  33           "n3"    0    0.000000   0.000000   0.000000
  34           "n4"    0    0.000000   0.000000   0.000000
  35           "n5"    0    0.000000   0.000000   0.000000
  36           "mg"  172  419.823212 679.344604 366.828552
  37           "ng"  692  1850.398438 2396.655518 1843.128784
  38           "nj" 12506  38336.898438 28640.818359 29845.648438
  39           "oo"  267  1188.342773 1935.904175 1100.480835
  40           "rs" 3762  13006.123047 14479.304688 6456.072266
  41           "rz" 2991  9140.334961 11087.446289 6201.385742
  42           "sh" 6112  19494.849609 31498.642578 19796.982422
  43           "si" 34432  717060.500000 254065.828125 466894.562500
  44           "tj" 5250  22706.726563 18534.179688 8688.706055
  45           "ts" 8667  38965.468750 36453.777344 27870.117188
  46           "uu" 3902  12321.101563 21098.291016 13309.731445
  47           "zh" 4943  14570.058594 21702.535156 12648.938477
  48          "swa"    0    0.000000   0.000000   0.000000
