   1            "a" 38377  79699.328125 97317.359375 88503.101563
   2            "b" 9294  21535.371094 27059.388672 23811.968750
   3            "d" 17140  33120.035156 36341.515625 35143.179688
   4            "e" 55694  109359.210938 86359.953125 98131.992188
   5            "f" 3989  9766.012695 13590.484375 11544.406250
   6            "g" 2526  5316.633789 5750.451660 7434.390137
   7            "h" 7446  16849.693359 15433.835938 15310.886719
   8            "i" 35374  75866.484375 65635.617188 73837.679688
   9            "k" 19717  57088.933594 57856.089844 51326.437500
  10            "l" 24774  49739.578125 52037.539063 53228.968750
  11            "m" 18939  40502.718750 58306.386719 45180.316406
  12            "n" 25185  52587.410156 56101.074219 48114.183594
  13            "o" 45258  83720.054688 92397.773438 79822.671875
  14            "p" 19114  54294.710938 59448.410156 34511.917969
  15            "r" 19433  37027.011719 32555.152344 35247.878906
  16            "s" 26908  72219.296875 87583.859375 140473.984375
  17            "t" 27407  71189.437500 84461.046875 57510.914063
  18            "u" 17895  54202.492188 40106.953125 40073.273438
  19            "v" 21472  36586.988281 37151.144531 39760.394531
  20            "x" 5484  13620.454102 19296.101563 21820.437500
  21            "y" 16069  33424.863281 37454.195313 38082.054688
  22            "z" 10611  29590.214844 32080.814453 37197.281250
  23           "aa" 12886  43440.621094 80942.820313 50727.050781
  24           "ch" 5709  26027.908203 20808.773438 28429.029297
  25           "dg"  232  1337.954102 905.038391 825.768250
  26           "dj" 3597  11786.872070 11056.664063 10623.309570
  27           "dz"  284  936.757141 966.088257 967.080872
  28           "ee" 6604  17435.146484 32678.498047 20605.017578
  29           "ii" 22811  67558.507813 72301.414063 59994.621094
  30           "n0"    0    0.000000   0.000000   0.000000
  31           "n1"    0    0.000000   0.000000   0.000000
  32           "n2"    0    0.000000   0.000000   0.000000
  33           "n3"    0    0.000000   0.000000   0.000000
  34           "n4"    0    0.000000   0.000000   0.000000
  35           "n5"    0    0.000000   0.000000   0.000000
  36           "mg"  172  511.633667 630.346069 506.779938
  37           "ng"  692  2991.082275 1983.481323 1567.219482
  38           "nj" 12506  35086.562500 35458.644531 37428.359375
  39           "oo"  267  1171.472168 1850.947510 1009.305786
  40           "rs" 3762  11546.569336 16084.578125 8236.878906
  41           "rz" 2991  8791.934570 10555.997070 8282.913086
  42           "sh" 6112  20586.994141 28774.468750 23083.333984
  43           "si" 34432  425179.250000 302543.093750 724913.750000
  44           "tj" 5250  23001.341797 18224.980469 10910.950195
  45           "ts" 8667  33850.941406 30431.824219 37688.652344
  46           "uu" 3902  12887.628906 19797.416016 12509.438477
  47           "zh" 4943  14668.544922 15878.689453 20690.783203
  48          "swa"    0    0.000000   0.000000   0.000000
