   1            "a" 38377  78989.812500 82547.445313 81399.398438
   2            "b" 9294  32743.382813 21917.414063 21595.876953
   3            "d" 17140  37463.695313 35424.332031 38594.839844
   4            "e" 55694  85269.335938 92360.296875 87911.992188
   5            "f" 3989  10634.903320 15185.001953 11602.575195
   6            "g" 2526  6929.377441 5468.524902 7200.813965
   7            "h" 7446  16589.980469 16654.853516 17168.556641
   8            "i" 35374  60625.933594 68909.375000 76653.804688
   9            "k" 19717  62934.328125 51212.308594 64573.039063
  10            "l" 24774  54713.609375 48550.628906 48465.550781
  11            "m" 18939  48734.710938 56526.652344 49286.851563
  12            "n" 25185  55180.519531 54818.636719 57802.808594
  13            "o" 45258  76443.664063 79255.218750 82534.304688
  14            "p" 19114  70093.726563 45795.355469 43534.339844
  15            "r" 19433  38043.562500 35516.804688 35291.953125
  16            "s" 26908  94344.664063 121439.250000 87456.007813
  17            "t" 27407  77643.476563 62082.507813 80089.125000
  18            "u" 17895  43560.164063 45332.292969 46861.386719
  19            "v" 21472  46188.472656 39893.109375 40190.285156
  20            "x" 5484  16061.091797 22899.242188 18462.875000
  21            "y" 16069  33352.699219 34324.000000 37469.886719
  22            "z" 10611  34404.593750 36632.695313 31908.164063
  23           "aa" 12886  41117.898438 74723.867188 48124.886719
  24           "ch" 5709  27867.708984 28723.859375 21618.220703
  25           "dg"  232  1284.333130 1041.519409 957.585205
  26           "dj" 3597  12247.628906 12068.992188 10934.358398
  27           "dz"  284  1047.356934 1093.612061 1031.341431
  28           "ee" 6604  17864.496094 29542.697266 21385.248047
  29           "ii" 22811  62310.507813 73677.398438 61824.500000
  30           "n0"    0    0.000000   0.000000   0.000000
  31           "n1"    0    0.000000   0.000000   0.000000
  32           "n2"    0    0.000000   0.000000   0.000000
  33           "n3"    0    0.000000   0.000000   0.000000
  34           "n4"    0    0.000000   0.000000   0.000000
  35           "n5"    0    0.000000   0.000000   0.000000
  36           "mg"  172  556.435547 557.142456 510.898499
  37           "ng"  692  2460.947266 2189.956543 1978.411377
  38           "nj" 12506  42734.171875 34114.683594 38379.437500
  39           "oo"  267  1126.145874 1664.584351 1219.005859
  40           "rs" 3762  14702.525391 12579.477539 9895.134766
  41           "rz" 2991  9912.326172 9791.184570 9642.665039
  42           "sh" 6112  23432.628906 30040.958984 21433.316406
  43           "si" 34432  683222.562500 413238.968750 331545.125000
  44           "tj" 5250  21283.132813 18766.390625 12759.395508
  45           "ts" 8667  38740.847656 37716.152344 29619.339844
  46           "uu" 3902  14619.695313 18025.625000 14681.422852
  47           "zh" 4943  18093.410156 19671.597656 16441.916016
  48          "swa"    0    0.000000   0.000000   0.000000
