   1           "mj"   23  14286.927734
   2           "pb"   23  15349.965820
   3   "pavel_rada"   23  8699.974609
   4 "otomar_nemecek"   23  11218.945313
   5      "dvorsky"   23  12469.953125
   6 "martin_jiricek"   23  9277.941406
   7    "kounovsky"   23  8311.966797
   8       "vaclav"   23  8419.974609
   9        "tomas"   23  8065.937500
  10        "cerny"   23  15786.963867
  11        "smola"   23  6622.959961
  12        "fejgl"   23  6451.921875
  13        "kasal"   23  10721.975586
  14       "blazek"   23  14345.961914
  15 "frantisek_vlas"   23  11439.963867
  16      "nozicka"   23  8945.959961
  17     "motejlek"   23  14844.974609
  18 "martin_paroubek"   26  12638.962891
  19          "jan"   23  8847.971680
  20        "david"   23  8473.962891
  21          "mak"   23  15760.917969
  22          "mar"   23  14695.966797
  23         "mpch"   23  14795.965820
  24          "mfd"   23  19564.951172
  25          "mfl"   23  14098.947266
  26          "mjb"   23  13363.939453
  27          "mjl"   24  15728.964844
  28          "mjs"   23  17323.960938
  29          "mjt"   23  13870.965820
  30          "mkk"   23  17875.943359
  31          "mms"   23  12739.967773
  32          "mos"   23  15610.957031
  33          "mpm"   23  15416.934570
  34          "mpn"   23  20422.902344
  35          "mps"   23  16687.945313
  36          "mpz"   23  15316.953125
  37         "mps2"   23  14281.961914
  38          "mvl"   23  11704.940430
  39          "mzs"   23  17821.925781
  40         "mvl2"   24  15959.927734
  41      "polacek"   23  19833.953125
  42          "zab"   23  19222.970703
  43          "zas"   23  14953.966797
  44          "zbs"   23  17182.974609
  45          "zhl"   23  19107.957031
  46          "zhn"   23  12994.952148
  47          "zht"   23  15202.958008
  48          "zil"   23  15532.955078
  49          "zjh"   23  15031.964844
  50          "zjs"   23  12913.953125
  51          "zkc"   23  13600.964844
  52          "zkk"   23  14251.968750
  53          "zkn"   23  12944.962891
  54          "zkv"   23  16321.970703
  55          "zlg"   23  12433.958008
  56          "zlj"   23  18652.962891
  57          "zlk"   23  18055.953125
  58          "zlr"   23  14593.970703
  59          "zls"   23  18064.960938
  60          "zlt"   23  14920.966797
  61          "zmd"   23  16060.973633
  62          "zmh"   23  17089.970703
  63          "zmn"   23  18142.960938
  64          "zmt"   23  14275.969727
  65          "znm"   23  22483.964844
  66          "zrh"   23  17932.958984
  67          "zss"   23  13624.963867
  68          "ztk"   23  15787.973633
  69          "ztv"   23  13534.966797
  70  "michal_rott"   23  10174.948242
  71     "jan_hybs"   24  13243.933594
  72        "trnka"   23  10374.957031
  73 "martin_beranek"   22  9441.933594
  74      "safarik"   23  12214.967773
  75      "foldyna"   23  16955.921875
  76 "radek_safarik"   23  10975.939453
  77       "vratny"   23  14164.983398
  78    "svarovsky"   23  15416.940430
  79  "jan_kanajlo"   23  17354.957031
  80        "dutka"   23  12689.945313
  81   "ales_russe"   23  10969.959961
  82 "lukas_mateju"   23  8875.965820
  83        "vacek"   23  12470.923828
  84        "horky"   23  14241.965820
  85        "kolar"   23  12112.969727
  86       "breuer"   23  14933.946289
  87        "kovar"   23  10368.961914
  88      "linhart"   23  15006.962891
  89         "zkv2"   23  13663.947266
  90       "halada"   23  18199.943359
  91 "martin_kaiser"   23  11044.973633
  92  "zdenek_kybl"   23  8751.963867
  93      "chmelik"   23  13401.937500
  94         "zls2"   23  15106.965820
  95         "zss2"   23  14158.970703
