   1            "a" 38377  78112.906250 113073.398438 90561.773438
   2            "b" 9294  19487.292969 27345.523438 22171.863281
   3            "d" 17140  30761.089844 35171.832031 32586.486328
   4            "e" 55694  117126.351563 89661.375000 98062.937500
   5            "f" 3989  9373.049805 14212.256836 11165.573242
   6            "g" 2526  5176.219727 6404.167480 6920.680176
   7            "h" 7446  15131.422852 16205.656250 17115.453125
   8            "i" 35374  78688.406250 64782.277344 71595.914063
   9            "k" 19717  56865.496094 60237.277344 48522.105469
  10            "l" 24774  52594.441406 58637.500000 49409.187500
  11            "m" 18939  35889.445313 59862.339844 44733.898438
  12            "n" 25185  48550.593750 56907.015625 45678.890625
  13            "o" 45258  80023.546875 97598.109375 85832.585938
  14            "p" 19114  58963.765625 55732.269531 32927.250000
  15            "r" 19433  36649.441406 30723.703125 33679.496094
  16            "s" 26908  72289.171875 94903.406250 140130.765625
  17            "t" 27407  72328.468750 78463.585938 58913.691406
  18            "u" 17895  55877.949219 42876.199219 40354.953125
  19            "v" 21472  34172.109375 34947.984375 36722.261719
  20            "x" 5484  12596.034180 19083.236328 22470.841797
  21            "y" 16069  32324.220703 40869.625000 37537.832031
  22            "z" 10611  26998.398438 32412.810547 35621.125000
  23           "aa" 12886  44418.687500 82389.171875 50872.484375
  24           "ch" 5709  24259.984375 17905.404297 29841.984375
  25           "dg"  232  1375.520996 807.318970 706.333801
  26           "dj" 3597  11016.794922 11883.485352 9357.406250
  27           "dz"  284  817.582031 972.861755 957.595703
  28           "ee" 6604  17224.666016 33741.121094 21064.453125
  29           "ii" 22811  69460.257813 66396.250000 62627.937500
  30           "n0"    0    0.000000   0.000000   0.000000
  31           "n1"    0    0.000000   0.000000   0.000000
  32           "n2"    0    0.000000   0.000000   0.000000
  33           "n3"    0    0.000000   0.000000   0.000000
  34           "n4"    0    0.000000   0.000000   0.000000
  35           "n5"    0    0.000000   0.000000   0.000000
  36           "mg"  172  468.511627 646.215027 429.421143
  37           "ng"  692  3044.606445 1717.474976 1617.064697
  38           "nj" 12506  34677.542969 35148.945313 36266.886719
  39           "oo"  267  1174.925049 1947.825928 965.177368
  40           "rs" 3762  10717.219727 16150.245117 8733.235352
  41           "rz" 2991  7918.974121 10645.023438 7882.022949
  42           "sh" 6112  19034.435547 31113.535156 22044.363281
  43           "si" 34432  381423.781250 280288.968750 786999.312500
  44           "tj" 5250  21991.320313 19143.775391 9447.850586
  45           "ts" 8667  33012.945313 32000.062500 36697.996094
  46           "uu" 3902  12736.723633 19671.347656 13133.730469
  47           "zh" 4943  13587.883789 13621.195313 20744.845703
  48          "swa"    0    0.000000   0.000000   0.000000
