   1            "a" 38377  79879.578125 94434.257813 87384.703125
   2            "b" 9294  22170.253906 26764.267578 24379.376953
   3            "d" 17140  33588.156250 36299.281250 35757.824219
   4            "e" 55694  108539.195313 84641.484375 96657.601563
   5            "f" 3989  10041.983398 13651.149414 11407.593750
   6            "g" 2526  5451.668945 5700.990723 7488.244141
   7            "h" 7446  17167.031250 15545.673828 15464.124023
   8            "i" 35374  76308.273438 64495.035156 73523.359375
   9            "k" 19717  58272.242188 58312.804688 51087.691406
  10            "l" 24774  50110.550781 50902.281250 53593.921875
  11            "m" 18939  42288.613281 57699.218750 45798.484375
  12            "n" 25185  54028.292969 55505.738281 48503.308594
  13            "o" 45258  84156.492188 90633.429688 79391.078125
  14            "p" 19114  54369.378906 59130.687500 35379.132813
  15            "r" 19433  37052.781250 32671.945313 35329.472656
  16            "s" 26908  72508.218750 88504.070313 137498.140625
  17            "t" 27407  72212.289063 83687.429688 58853.281250
  18            "u" 17895  53540.761719 39463.187500 40065.531250
  19            "v" 21472  37546.246094 37566.652344 39764.195313
  20            "x" 5484  13674.313477 19484.656250 21902.921875
  21            "y" 16069  33921.871094 37190.832031 37615.128906
  22            "z" 10611  29681.205078 32876.121094 36981.890625
  23           "aa" 12886  43502.484375 79938.921875 50559.093750
  24           "ch" 5709  26186.013672 21586.841797 28013.414063
  25           "dg"  232  1368.341187 931.971924 836.849731
  26           "dj" 3597  11835.368164 11052.077148 10801.363281
  27           "dz"  284  968.030273 974.048279 981.462646
  28           "ee" 6604  17746.304688 32112.902344 20660.792969
  29           "ii" 22811  68848.554688 71002.312500 59954.906250
  30           "n0"    0    0.000000   0.000000   0.000000
  31           "n1"    0    0.000000   0.000000   0.000000
  32           "n2"    0    0.000000   0.000000   0.000000
  33           "n3"    0    0.000000   0.000000   0.000000
  34           "n4"    0    0.000000   0.000000   0.000000
  35           "n5"    0    0.000000   0.000000   0.000000
  36           "mg"  172  516.825317 626.285156 517.813965
  37           "ng"  692  3022.049316 2006.008667 1598.004761
  38           "nj" 12506  36267.390625 35744.050781 37550.097656
  39           "oo"  267  1186.804565 1833.931152 1024.292603
  40           "rs" 3762  11891.182617 15665.471680 8447.919922
  41           "rz" 2991  9082.985352 10415.890625 8575.902344
  42           "sh" 6112  20768.451172 28726.691406 23232.994141
  43           "si" 34432  435151.000000 300193.937500 716775.687500
  44           "tj" 5250  23015.597656 18116.800781 11121.134766
  45           "ts" 8667  34315.765625 30252.572266 37361.031250
  46           "uu" 3902  13108.547852 19237.367188 12861.257813
  47           "zh" 4943  15031.703125 16138.229492 20687.490234
  48          "swa"    0    0.000000   0.000000   0.000000
