   1            "a" 38377  75893.546875 100312.562500 93260.703125
   2            "b" 9294  19145.197266 28050.757813 23429.572266
   3            "d" 17140  34475.339844 40178.960938 30079.296875
   4            "e" 55694  111045.585938 86123.203125 96396.406250
   5            "f" 3989  9914.698242 14997.913086 10578.999023
   6            "g" 2526  5200.967773 6294.431641 7298.212891
   7            "h" 7446  14285.259766 17332.044922 15915.544922
   8            "i" 35374  77144.804688 59550.398438 74279.507813
   9            "k" 19717  62700.246094 56069.082031 49351.449219
  10            "l" 24774  48189.414063 49792.316406 51726.957031
  11            "m" 18939  38624.351563 58739.164063 44418.089844
  12            "n" 25185  48822.117188 59438.144531 46210.382813
  13            "o" 45258  80906.835938 93478.710938 81972.445313
  14            "p" 19114  63483.328125 49850.085938 37176.226563
  15            "r" 19433  37209.441406 32085.472656 32468.023438
  16            "s" 26908  76952.648438 94791.429688 131912.375000
  17            "t" 27407  85839.757813 80437.773438 50979.910156
  18            "u" 17895  48334.218750 44338.828125 40583.035156
  19            "v" 21472  38788.691406 36128.816406 38873.320313
  20            "x" 5484  13377.358398 19767.013672 21656.376953
  21            "y" 16069  31901.470703 37812.121094 35834.261719
  22            "z" 10611  28491.789063 37326.937500 32140.566406
  23           "aa" 12886  41905.957031 85427.000000 48975.152344
  24           "ch" 5709  27286.634766 21171.125000 26381.265625
  25           "dg"  232  1357.961060 824.588440 757.266663
  26           "dj" 3597  11196.344727 11755.937500 10022.520508
  27           "dz"  284  896.038879 1066.664185 973.566589
  28           "ee" 6604  16259.388672 34534.320313 19786.056641
  29           "ii" 22811  66879.328125 72581.421875 59376.363281
  30           "n0"    0    0.000000   0.000000   0.000000
  31           "n1"    0    0.000000   0.000000   0.000000
  32           "n2"    0    0.000000   0.000000   0.000000
  33           "n3"    0    0.000000   0.000000   0.000000
  34           "n4"    0    0.000000   0.000000   0.000000
  35           "n5"    0    0.000000   0.000000   0.000000
  36           "mg"  172  517.738220 578.371460 438.957825
  37           "ng"  692  3012.522217 1700.686646 1631.003784
  38           "nj" 12506  36002.257813 35301.808594 35722.003906
  39           "oo"  267  1220.375366 1934.820435 875.259644
  40           "rs" 3762  11182.597656 13759.398438 10048.142578
  41           "rz" 2991  8124.628906 10653.592773 8372.829102
  42           "sh" 6112  20023.693359 30673.921875 22042.693359
  43           "si" 34432  422700.687500 323516.187500 718035.187500
  44           "tj" 5250  23198.707031 18349.281250 9766.232422
  45           "ts" 8667  35834.992188 37099.148438 31826.298828
  46           "uu" 3902  12846.533203 19356.441406 12595.542969
  47           "zh" 4943  13498.962891 16006.480469 19698.447266
  48          "swa"    0    0.000000   0.000000   0.000000
