   1            "a" 38377  78296.000000 103276.406250 91576.976563
   2            "b" 9294  20292.445313 26912.472656 23089.310547
   3            "d" 17140  31811.574219 36058.113281 33648.257813
   4            "e" 55694  108068.617188 91062.882813 101382.429688
   5            "f" 3989  9412.914063 12475.707031 12251.794922
   6            "g" 2526  5092.627930 5919.521484 7403.483887
   7            "h" 7446  16135.342773 15427.819336 15830.413086
   8            "i" 35374  72810.617188 69228.820313 74370.421875
   9            "k" 19717  54858.550781 57694.042969 53049.207031
  10            "l" 24774  49658.644531 54847.109375 51855.148438
  11            "m" 18939  37185.117188 59748.421875 44848.406250
  12            "n" 25185  50407.042969 56299.445313 48044.148438
  13            "o" 45258  78508.382813 97728.015625 82242.476563
  14            "p" 19114  53059.464844 59706.089844 33901.359375
  15            "r" 19433  36136.835938 32371.388672 34974.757813
  16            "s" 26908  71417.359375 88187.156250 143073.671875
  17            "t" 27407  67268.687500 84064.117188 58817.039063
  18            "u" 17895  55167.238281 41461.488281 40780.410156
  19            "v" 21472  34781.136719 35812.710938 39048.164063
  20            "x" 5484  13215.773438 18582.308594 21717.884766
  21            "y" 16069  32311.580078 38008.859375 39257.871094
  22            "z" 10611  28346.355469 31218.392578 37814.417969
  23           "aa" 12886  41729.105469 84464.664063 50664.433594
  24           "ch" 5709  25217.363281 19297.384766 29537.976563
  25           "dg"  232  1305.232788 855.979126 813.303345
  26           "dj" 3597  11671.871094 11382.125000 9964.524414
  27           "dz"  284  878.527588 946.303284 958.942871
  28           "ee" 6604  16373.501953 34165.445313 20908.265625
  29           "ii" 22811  64070.621094 74614.609375 61181.699219
  30           "n0"    0    0.000000   0.000000   0.000000
  31           "n1"    0    0.000000   0.000000   0.000000
  32           "n2"    0    0.000000   0.000000   0.000000
  33           "n3"    0    0.000000   0.000000   0.000000
  34           "n4"    0    0.000000   0.000000   0.000000
  35           "n5"    0    0.000000   0.000000   0.000000
  36           "mg"  172  483.562927 633.200684 498.883514
  37           "ng"  692  2993.810547 1939.070190 1547.605957
  38           "nj" 12506  35149.148438 35067.367188 37821.222656
  39           "oo"  267  1136.409546 1890.710327 1017.638428
  40           "rs" 3762  11057.872070 16729.890625 8098.835449
  41           "rz" 2991  8355.586914 10669.882813 7812.699707
  42           "sh" 6112  20288.900391 29106.222656 22881.250000
  43           "si" 34432  395756.218750 315277.281250 743413.000000
  44           "tj" 5250  22715.058594 18449.828125 10084.783203
  45           "ts" 8667  32729.439453 30971.242188 37323.226563
  46           "uu" 3902  12532.565430 20467.257813 12427.038086
  47           "zh" 4943  13796.538086 15160.384766 20874.330078
  48          "swa"    0    0.000000   0.000000   0.000000
