   1            "a" 38377  105243.937500 105242.382813 151445.875000
   2            "b" 9294  25584.634766 25583.806641 36789.457031
   3            "d" 17140  47049.375000 47048.839844 67634.062500
   4            "e" 55694  152010.171875 152009.453125 218518.250000
   5            "f" 3989  10941.375977 10941.250977 15688.947266
   6            "g" 2526  6971.992188 6971.830078 10037.320313
   7            "h" 7446  20469.412109 20468.818359 29399.083984
   8            "i" 35374  96538.203125 96538.234375 138434.218750
   9            "k" 19717  53957.378906 53956.132813 77355.710938
  10            "l" 24774  68026.226563 68023.976563 97817.367188
  11            "m" 18939  52096.921875 52095.855469 74951.000000
  12            "n" 25185  68961.976563 68961.375000 98951.859375
  13            "o" 45258  123234.859375 123232.273438 176325.390625
  14            "p" 19114  52194.042969 52193.960938 74692.007813
  15            "r" 19433  52961.035156 52958.925781 75657.304688
  16            "s" 26908  73672.578125 73668.515625 105736.796875
  17            "t" 27407  74895.890625 74893.421875 107372.265625
  18            "u" 17895  49077.300781 49074.953125 70476.453125
  19            "v" 21472  58631.992188 58629.476563 83881.007813
  20            "x" 5484  15067.467773 15067.005859 21625.542969
  21            "y" 16069  44177.316406 44176.699219 63552.296875
  22            "z" 10611  29186.923828 29185.980469 41918.390625
  23           "aa" 12886  35599.621094 35599.316406 51363.359375
  24           "ch" 5709  15726.210938 15725.616211 22604.750000
  25           "dg"  232  680.922180 680.913635 1041.778809
  26           "dj" 3597  9910.883789 9910.759766 14256.375000
  27           "dz"  284  792.314148 792.297913 1154.477539
  28           "ee" 6604  18042.599609 18042.332031 25787.029297
  29           "ii" 22811  62425.664063 62422.980469 89438.890625
  30           "n0"    0    0.000000   0.000000   0.000000
  31           "n1"    0    0.000000   0.000000   0.000000
  32           "n2"    0    0.000000   0.000000   0.000000
  33           "n3"    0    0.000000   0.000000   0.000000
  34           "n4"    0    0.000000   0.000000   0.000000
  35           "n5"    0    0.000000   0.000000   0.000000
  36           "mg"  172  484.225037 484.216644 712.521667
  37           "ng"  692  1913.925049 1913.867310 2757.433594
  38           "nj" 12506  34120.164063 34119.515625 48740.949219
  39           "oo"  267  770.861633 770.846375 1154.141479
  40           "rs" 3762  10271.787109 10271.599609 14690.632813
  41           "rz" 2991  8263.330078 8263.218750 11905.373047
  42           "sh" 6112  16844.962891 16844.263672 24233.095703
  43           "si" 34432  95791.789063 95783.664063 139064.031250
  44           "tj" 5250  14405.404297 14404.921875 20664.521484
  45           "ts" 8667  23723.373047 23723.361328 33981.718750
  46           "uu" 3902  10691.588867 10691.466797 15320.835938
  47           "zh" 4943  13648.985352 13648.413086 19640.751953
  48          "swa"    0    0.000000   0.000000   0.000000
