   1            "a" 38377  78331.007813 83826.593750 81308.062500
   2            "b" 9294  32584.980469 21922.494141 21585.517578
   3            "d" 17140  36941.355469 35590.507813 38355.046875
   4            "e" 55694  85212.546875 93032.539063 88636.335938
   5            "f" 3989  10569.862305 14958.916992 11533.920898
   6            "g" 2526  6991.415527 5426.914063 7143.347168
   7            "h" 7446  16578.416016 16493.000000 17128.781250
   8            "i" 35374  61055.425781 68741.234375 77040.531250
   9            "k" 19717  62252.343750 50718.785156 65267.144531
  10            "l" 24774  54849.312500 48408.804688 48540.878906
  11            "m" 18939  48569.476563 56840.558594 48637.832031
  12            "n" 25185  54420.566406 55109.917969 57397.800781
  13            "o" 45258  76908.078125 80304.882813 82306.156250
  14            "p" 19114  69542.648438 46052.304688 42950.859375
  15            "r" 19433  37527.046875 35610.589844 35454.179688
  16            "s" 26908  93285.242188 122791.593750 87541.179688
  17            "t" 27407  77167.312500 61790.074219 79798.710938
  18            "u" 17895  43488.308594 45695.683594 46735.703125
  19            "v" 21472  45810.707031 39396.304688 40562.773438
  20            "x" 5484  15934.542969 22893.195313 18413.601563
  21            "y" 16069  33369.066406 34346.347656 37779.417969
  22            "z" 10611  34152.972656 36706.765625 31759.656250
  23           "aa" 12886  40813.468750 75919.890625 48465.589844
  24           "ch" 5709  27967.486328 28650.498047 21436.976563
  25           "dg"  232  1285.256958 1041.372437 942.388245
  26           "dj" 3597  12158.669922 12010.844727 10950.623047
  27           "dz"  284  1036.752563 1097.172485 1027.057739
  28           "ee" 6604  17544.283203 29912.341797 21546.126953
  29           "ii" 22811  62378.101563 74232.335938 61020.125000
  30           "n0"    0    0.000000   0.000000   0.000000
  31           "n1"    0    0.000000   0.000000   0.000000
  32           "n2"    0    0.000000   0.000000   0.000000
  33           "n3"    0    0.000000   0.000000   0.000000
  34           "n4"    0    0.000000   0.000000   0.000000
  35           "n5"    0    0.000000   0.000000   0.000000
  36           "mg"  172  556.733948 557.259766 513.741211
  37           "ng"  692  2443.076904 2191.239014 1952.726074
  38           "nj" 12506  43120.515625 33674.835938 38223.832031
  39           "oo"  267  1123.573364 1681.383789 1212.752075
  40           "rs" 3762  14614.646484 12586.995117 9832.439453
  41           "rz" 2991  9789.253906 9792.198242 9652.026367
  42           "sh" 6112  23196.066406 30505.748047 21197.255859
  43           "si" 34432  681472.812500 414833.062500 333342.187500
  44           "tj" 5250  21429.669922 18596.099609 12649.630859
  45           "ts" 8667  38716.535156 38044.136719 29248.042969
  46           "uu" 3902  14590.276367 18235.810547 14454.005859
  47           "zh" 4943  17963.572266 19733.712891 16345.108398
  48          "swa"    0    0.000000   0.000000   0.000000
