   1            "a" 38377  82576.648438 92825.367188 85397.085938
   2            "b" 9294  30963.677734 21103.689453 20128.171875
   3            "d" 17140  33675.394531 33661.523438 39193.531250
   4            "e" 55694  94118.617188 99268.351563 83569.531250
   5            "f" 3989  10052.503906 15075.910156 10012.635742
   6            "g" 2526  6347.526855 5332.211426 7087.017578
   7            "h" 7446  14656.094727 17085.775391 16716.386719
   8            "i" 35374  57101.765625 75063.812500 72412.125000
   9            "k" 19717  60616.453125 46444.800781 65467.457031
  10            "l" 24774  52857.878906 48552.523438 50488.589844
  11            "m" 18939  40966.808594 58679.574219 44646.710938
  12            "n" 25185  46951.929688 56730.554688 54672.078125
  13            "o" 45258  83914.585938 87770.945313 83135.585938
  14            "p" 19114  71669.593750 43830.523438 40019.273438
  15            "r" 19433  36418.320313 33647.863281 34892.601563
  16            "s" 26908  90568.976563 128154.085938 87607.914063
  17            "t" 27407  80464.000000 59590.269531 76336.757813
  18            "u" 17895  40098.281250 50927.851563 45070.226563
  19            "v" 21472  40732.703125 38947.121094 39224.226563
  20            "x" 5484  14328.016602 23858.892578 17084.187500
  21            "y" 16069  33467.250000 32080.423828 42131.109375
  22            "z" 10611  28809.642578 38456.718750 30590.501953
  23           "aa" 12886  40522.605469 81403.765625 52262.093750
  24           "ch" 5709  28321.541016 27348.800781 21136.789063
  25           "dg"  232  1225.717163 1004.547485 798.519104
  26           "dj" 3597  11177.056641 11101.097656 10777.666016
  27           "dz"  284  975.544373 1098.156006 895.182251
  28           "ee" 6604  16076.972656 34186.714844 20453.824219
  29           "ii" 22811  57636.507813 80923.570313 61525.839844
  30           "n0"    0    0.000000   0.000000   0.000000
  31           "n1"    0    0.000000   0.000000   0.000000
  32           "n2"    0    0.000000   0.000000   0.000000
  33           "n3"    0    0.000000   0.000000   0.000000
  34           "n4"    0    0.000000   0.000000   0.000000
  35           "n5"    0    0.000000   0.000000   0.000000
  36           "mg"  172  522.408203 559.994934 479.307739
  37           "ng"  692  2124.324219 2273.649902 1763.885498
  38           "nj" 12506  40483.078125 31356.589844 34594.839844
  39           "oo"  267  1114.520996 1812.036377 1102.928711
  40           "rs" 3762  13639.991211 12568.151367 9032.186523
  41           "rz" 2991  8676.803711 10393.419922 8507.645508
  42           "sh" 6112  22061.816406 31661.937500 20452.105469
  43           "si" 34432  664703.500000 447595.750000 340124.718750
  44           "tj" 5250  22655.642578 17306.791016 10886.956055
  45           "ts" 8667  41447.089844 36247.941406 29132.351563
  46           "uu" 3902  13504.057617 18763.722656 13799.750977
  47           "zh" 4943  14765.580078 21290.486328 15119.500977
  48          "swa"    0    0.000000   0.000000   0.000000
