   1           "mj"   23  14286.978516
   2           "pb"   23  15349.985352
   3   "pavel_rada"   23  8699.990234
   4 "otomar_nemecek"   23  11218.981445
   5      "dvorsky"   23  12469.984375
   6 "martin_jiricek"   23  9277.980469
   7    "kounovsky"   23  8311.983398
   8       "vaclav"   23  8419.991211
   9        "tomas"   23  8065.979492
  10        "cerny"   23  15786.986328
  11        "smola"   23  6622.984863
  12        "fejgl"   23  6451.976074
  13        "kasal"   23  10721.990234
  14       "blazek"   23  14345.985352
  15 "frantisek_vlas"   23  11439.987305
  16      "nozicka"   23  8945.985352
  17     "motejlek"   23  14844.986328
  18 "martin_paroubek"   26  12638.984375
  19          "jan"   23  8847.986328
  20        "david"   23  8473.984375
  21          "mak"   23  15760.967773
  22          "mar"   23  14695.984375
  23         "mpch"   23  14795.987305
  24          "mfd"   23  19564.982422
  25          "mfl"   23  14098.981445
  26          "mjb"   23  13363.978516
  27          "mjl"   24  15728.987305
  28          "mjs"   23  17323.984375
  29          "mjt"   23  13870.989258
  30          "mkk"   23  17875.980469
  31          "mms"   23  12739.986328
  32          "mos"   23  15610.986328
  33          "mpm"   23  15416.979492
  34          "mpn"   23  20422.972656
  35          "mps"   23  16687.980469
  36          "mpz"   23  15316.984375
  37         "mps2"   23  14281.982422
  38          "mvl"   23  11704.980469
  39          "mzs"   23  17821.982422
  40         "mvl2"   24  15959.977539
  41      "polacek"   23  19833.982422
  42          "zab"   23  19222.988281
  43          "zas"   23  14953.988281
  44          "zbs"   23  17182.990234
  45          "zhl"   23  19107.982422
  46          "zhn"   23  12994.981445
  47          "zht"   23  15202.987305
  48          "zil"   23  15532.984375
  49          "zjh"   23  15031.984375
  50          "zjs"   23  12913.984375
  51          "zkc"   23  13600.986328
  52          "zkk"   23  14251.990234
  53          "zkn"   23  12944.985352
  54          "zkv"   23  16321.987305
  55          "zlg"   23  12433.983398
  56          "zlj"   23  18652.984375
  57          "zlk"   23  18055.982422
  58          "zlr"   23  14593.988281
  59          "zls"   23  18064.986328
  60          "zlt"   23  14920.987305
  61          "zmd"   23  16060.991211
  62          "zmh"   23  17089.990234
  63          "zmn"   23  18142.986328
  64          "zmt"   23  14275.988281
  65          "znm"   23  22483.986328
  66          "zrh"   23  17932.984375
  67          "zss"   23  13624.987305
  68          "ztk"   23  15787.989258
  69          "ztv"   23  13534.988281
  70  "michal_rott"   23  10174.985352
  71     "jan_hybs"   24  13243.982422
  72        "trnka"   23  10374.984375
  73 "martin_beranek"   22  9441.982422
  74      "safarik"   23  12214.989258
  75      "foldyna"   23  16955.978516
  76 "radek_safarik"   23  10975.984375
  77       "vratny"   23  14164.992188
  78    "svarovsky"   23  15416.984375
  79  "jan_kanajlo"   23  17354.988281
  80        "dutka"   23  12689.980469
  81   "ales_russe"   23  10969.982422
  82 "lukas_mateju"   23  8875.985352
  83        "vacek"   23  12470.982422
  84        "horky"   23  14241.984375
  85        "kolar"   23  12112.985352
  86       "breuer"   23  14933.979492
  87        "kovar"   23  10368.986328
  88      "linhart"   23  15006.987305
  89         "zkv2"   23  13663.980469
  90       "halada"   23  18199.984375
  91 "martin_kaiser"   23  11044.990234
  92  "zdenek_kybl"   23  8751.987305
  93      "chmelik"   23  13401.983398
  94         "zls2"   23  15106.985352
  95         "zss2"   23  14158.988281
