   1           "mj"   46  27932.966797
   2           "pb"   46  31839.974609
   3   "pavel_rada"   46  17138.986328
   4 "otomar_nemecek"   46  22512.970703
   5      "dvorsky"   46  22513.972656
   6 "martin_jiricek"   46  18099.966797
   7    "kounovsky"   46  16214.979492
   8       "vaclav"   46  17663.982422
   9        "tomas"   46  16810.958984
  10        "cerny"   46  32126.976563
  11        "smola"   46  13480.977539
  12        "fejgl"   46  13889.964844
  13        "kasal"   46  22786.978516
  14       "blazek"   46  27655.974609
  15 "frantisek_vlas"   46  21661.972656
  16      "nozicka"   46  18874.972656
  17     "motejlek"   46  30005.978516
  18 "martin_paroubek"   51  26021.974609
  19          "jan"   46  17030.982422
  20        "david"   46  17064.974609
  21          "mak"   46  32286.958984
  22          "mar"   46  29805.976563
  23         "mpch"   46  29918.976563
  24          "mfd"   46  41205.972656
  25          "mfl"   46  28182.964844
  26          "mjb"   46  26946.970703
  27          "mjl"   47  30238.976563
  28          "mjs"   46  33966.976563
  29          "mjt"   46  26223.978516
  30          "mkk"   46  38010.964844
  31          "mms"   45  24893.982422
  32          "mos"   46  30315.978516
  33          "mpm"   46  30756.964844
  34          "mpn"   46  40878.933594
  35          "mps"   46  34035.964844
  36          "mpz"   46  29697.974609
  37         "mps2"   46  28926.976563
  38          "mvl"   46  23336.966797
  39          "mzs"   46  35475.957031
  40         "mvl2"   47  31235.966797
  41      "polacek"   46  39023.960938
  42          "zab"   46  39264.980469
  43          "zas"   46  29403.978516
  44          "zbs"   46  33447.980469
  45          "zhl"   46  38990.976563
  46          "zhn"   46  25035.970703
  47          "zht"   46  30360.978516
  48          "zil"   45  31352.976563
  49          "zjh"   46  29454.976563
  50          "zjs"   46  26121.972656
  51          "zkc"   46  26691.974609
  52          "zkk"   46  29322.978516
  53          "zkn"   46  25640.972656
  54          "zkv"   46  32897.976563
  55          "zlg"   46  25022.970703
  56          "zlj"   46  37545.980469
  57          "zlk"   46  36036.972656
  58          "zlr"   46  29154.980469
  59          "zls"   46  35718.976563
  60          "zlt"   46  30183.974609
  61          "zmd"   46  32097.980469
  62          "zmh"   46  34893.984375
  63          "zmn"   46  36252.968750
  64          "zmt"   46  28560.980469
  65          "znm"   46  45771.980469
  66          "zrh"   46  36846.972656
  67          "zss"   46  26883.978516
  68          "ztk"   45  31343.984375
  69          "ztv"   45  27575.974609
  70  "michal_rott"   45  20216.962891
  71     "jan_hybs"   47  24208.964844
  72        "trnka"   46  20524.976563
  73 "martin_beranek"   44  18661.974609
  74      "safarik"   46  23850.974609
  75      "foldyna"   46  33573.953125
  76 "radek_safarik"   46  21423.966797
  77       "vratny"   46  27971.990234
  78    "svarovsky"   46  31596.962891
  79  "jan_kanajlo"   46  34403.980469
  80        "dutka"   46  26306.964844
  81   "ales_russe"   46  22005.976563
  82 "lukas_mateju"   46  17075.978516
  83        "vacek"   46  24123.949219
  84        "horky"   46  30730.978516
  85        "kolar"   46  26018.976563
  86       "breuer"   46  28069.958984
  87        "kovar"   46  21366.966797
  88      "linhart"   46  30086.976563
  89         "zkv2"   46  27738.976563
  90       "halada"   46  37428.972656
  91 "martin_kaiser"   46  22222.982422
  92  "zdenek_kybl"   46  17383.980469
  93      "chmelik"   46  27839.970703
  94         "zls2"   46  31083.974609
  95         "zss2"   46  26757.978516
