   1            "a" 38377  79974.343750 91413.437500 81604.890625
   2            "b" 9294  31071.792969 21810.906250 20380.832031
   3            "d" 17140  35017.929688 35882.261719 37454.605469
   4            "e" 55694  93180.054688 95338.218750 86058.640625
   5            "f" 3989  10409.770508 14647.045898 10943.575195
   6            "g" 2526  6627.376465 5453.204590 7051.744141
   7            "h" 7446  15273.391602 17034.595703 16462.884766
   8            "i" 35374  58874.199219 73009.359375 74139.125000
   9            "k" 19717  60129.007813 47836.574219 64949.128906
  10            "l" 24774  52035.828125 49325.898438 50083.148438
  11            "m" 18939  44530.316406 58830.363281 44279.144531
  12            "n" 25185  48104.925781 57141.261719 54846.906250
  13            "o" 45258  82662.609375 83327.578125 82438.554688
  14            "p" 19114  71569.851563 43886.238281 42970.250000
  15            "r" 19433  36838.703125 34395.136719 35051.519531
  16            "s" 26908  92948.156250 126459.414063 87865.625000
  17            "t" 27407  78975.882813 59531.980469 78929.734375
  18            "u" 17895  42068.160156 49312.023438 43364.074219
  19            "v" 21472  41088.148438 39774.460938 39668.980469
  20            "x" 5484  14579.809570 23322.634766 17604.767578
  21            "y" 16069  31892.423828 33515.386719 40934.386719
  22            "z" 10611  30748.134766 37117.949219 31123.562500
  23           "aa" 12886  40004.398438 81540.234375 49447.105469
  24           "ch" 5709  28200.199219 28293.529297 20513.775391
  25           "dg"  232  1256.198853 1021.801331 814.183472
  26           "dj" 3597  11755.718750 11110.527344 10826.475586
  27           "dz"  284  974.311523 1089.923096 966.255127
  28           "ee" 6604  15980.477539 33166.753906 20340.083984
  29           "ii" 22811  60895.839844 78610.101563 61446.472656
  30           "n0"    0    0.000000   0.000000   0.000000
  31           "n1"    0    0.000000   0.000000   0.000000
  32           "n2"    0    0.000000   0.000000   0.000000
  33           "n3"    0    0.000000   0.000000   0.000000
  34           "n4"    0    0.000000   0.000000   0.000000
  35           "n5"    0    0.000000   0.000000   0.000000
  36           "mg"  172  531.009094 553.737732 478.825562
  37           "ng"  692  2176.193359 2260.732422 1825.918335
  38           "nj" 12506  42777.156250 32216.876953 35776.597656
  39           "oo"  267  1103.613037 1772.405273 1114.721436
  40           "rs" 3762  14191.176758 12451.614258 9227.190430
  41           "rz" 2991  9249.327148 10033.407227 8921.183594
  42           "sh" 6112  22191.039063 31630.201172 19997.843750
  43           "si" 34432  676054.875000 427578.156250 343018.312500
  44           "tj" 5250  22795.173828 17559.914063 11254.884766
  45           "ts" 8667  40791.441406 36576.925781 29254.035156
  46           "uu" 3902  13928.498047 18606.146484 14095.417969
  47           "zh" 4943  16665.779297 20166.238281 15514.246094
  48          "swa"    0    0.000000   0.000000   0.000000
