   1            "a" 38377  77701.210938 105057.195313 91781.359375
   2            "b" 9294  18928.972656 27922.716797 23179.253906
   3            "d" 17140  33539.468750 38791.101563 30591.076172
   4            "e" 55694  115717.289063 86978.937500 97021.218750
   5            "f" 3989  9917.183594 14769.985352 9826.351563
   6            "g" 2526  5161.711426 6629.520508 7131.252930
   7            "h" 7446  14588.606445 16723.931641 16096.916016
   8            "i" 35374  78782.304688 60546.796875 73517.531250
   9            "k" 19717  62415.386719 55154.984375 48425.285156
  10            "l" 24774  48017.074219 52499.300781 50316.546875
  11            "m" 18939  37677.402344 59051.003906 44070.707031
  12            "n" 25185  48416.703125 58786.750000 46465.503906
  13            "o" 45258  81700.937500 95417.015625 82343.187500
  14            "p" 19114  63529.996094 50656.765625 35931.597656
  15            "r" 19433  37621.871094 31370.498047 32778.457031
  16            "s" 26908  76717.445313 97689.492188 128500.773438
  17            "t" 27407  85369.585938 79052.015625 50488.589844
  18            "u" 17895  49883.253906 44500.250000 40873.542969
  19            "v" 21472  37421.175781 35755.273438 37093.011719
  20            "x" 5484  13411.504883 19722.242188 21699.052734
  21            "y" 16069  31517.294922 38137.640625 36304.660156
  22            "z" 10611  27511.390625 36312.996094 32485.906250
  23           "aa" 12886  43815.394531 84886.562500 49255.335938
  24           "ch" 5709  27073.267578 20276.412109 26722.261719
  25           "dg"  232  1340.042236 825.001831 739.540955
  26           "dj" 3597  11126.380859 11548.572266 10007.773438
  27           "dz"  284  876.592102 1072.123901 960.176331
  28           "ee" 6604  16295.198242 34703.722656 20561.814453
  29           "ii" 22811  66091.750000 72580.734375 59215.320313
  30           "n0"    0    0.000000   0.000000   0.000000
  31           "n1"    0    0.000000   0.000000   0.000000
  32           "n2"    0    0.000000   0.000000   0.000000
  33           "n3"    0    0.000000   0.000000   0.000000
  34           "n4"    0    0.000000   0.000000   0.000000
  35           "n5"    0    0.000000   0.000000   0.000000
  36           "mg"  172  511.579498 601.997070 429.248840
  37           "ng"  692  3023.498535 1668.339966 1636.403076
  38           "nj" 12506  34443.656250 36008.574219 35590.496094
  39           "oo"  267  1234.055298 1931.842163 896.711670
  40           "rs" 3762  10867.058594 14019.467773 9874.222656
  41           "rz" 2991  8088.319824 10751.322266 8166.856445
  42           "sh" 6112  19885.960938 30245.560547 22032.705078
  43           "si" 34432  421837.968750 311561.156250 729551.562500
  44           "tj" 5250  23268.509766 18251.548828 9606.833984
  45           "ts" 8667  34580.593750 36154.218750 33044.839844
  46           "uu" 3902  12575.092773 19830.832031 12709.576172
  47           "zh" 4943  13553.497070 15508.316406 19806.232422
  48          "swa"    0    0.000000   0.000000   0.000000
