   1            "a" 38377  78397.406250 86852.421875 83212.882813
   2            "b" 9294  32262.875000 21746.431641 21285.150391
   3            "d" 17140  35743.042969 36721.593750 37135.839844
   4            "e" 55694  87286.984375 94684.109375 89492.429688
   5            "f" 3989  10316.592773 14867.244141 11212.097656
   6            "g" 2526  6846.861816 5448.586914 6959.866211
   7            "h" 7446  16200.927734 16588.970703 16689.947266
   8            "i" 35374  62013.628906 69932.039063 75498.164063
   9            "k" 19717  60771.015625 48109.113281 66779.476563
  10            "l" 24774  52877.921875 49249.738281 48476.414063
  11            "m" 18939  48100.847656 57955.265625 46225.066406
  12            "n" 25185  51430.984375 56319.519531 56084.960938
  13            "o" 45258  79497.296875 81132.281250 82443.195313
  14            "p" 19114  68995.070313 45693.402344 42741.375000
  15            "r" 19433  37217.820313 35887.687500 34507.257813
  16            "s" 26908  92302.210938 124229.921875 88385.289063
  17            "t" 27407  78284.734375 59896.382813 78992.640625
  18            "u" 17895  43217.160156 46607.843750 46182.335938
  19            "v" 21472  42893.914063 40039.921875 40710.609375
  20            "x" 5484  15132.125000 22790.320313 18318.298828
  21            "y" 16069  33052.285156 33687.312500 39228.308594
  22            "z" 10611  32857.625000 36802.871094 31176.371094
  23           "aa" 12886  41123.988281 78132.710938 48831.773438
  24           "ch" 5709  27450.376953 29398.912109 20657.722656
  25           "dg"  232  1269.732666 1043.390991 896.901917
  26           "dj" 3597  12043.049805 11905.941406 10751.723633
  27           "dz"  284  994.082703 1087.750610 1023.278748
  28           "ee" 6604  16649.062500 30907.832031 21571.214844
  29           "ii" 22811  61838.792969 76142.367188 61058.820313
  30           "n0"    0    0.000000   0.000000   0.000000
  31           "n1"    0    0.000000   0.000000   0.000000
  32           "n2"    0    0.000000   0.000000   0.000000
  33           "n3"    0    0.000000   0.000000   0.000000
  34           "n4"    0    0.000000   0.000000   0.000000
  35           "n5"    0    0.000000   0.000000   0.000000
  36           "mg"  172  542.385925 556.634888 498.106873
  37           "ng"  692  2293.000244 2222.359375 1867.212646
  38           "nj" 12506  43998.289063 32317.736328 37273.839844
  39           "oo"  267  1084.269775 1745.979980 1197.588501
  40           "rs" 3762  14190.437500 12518.401367 9678.668945
  41           "rz" 2991  9551.751953 9790.405273 9399.279297
  42           "sh" 6112  22553.039063 31267.283203 20748.611328
  43           "si" 34432  682501.000000 413746.406250 340324.875000
  44           "tj" 5250  21832.136719 18289.025391 12011.249023
  45           "ts" 8667  38857.921875 38140.386719 29148.013672
  46           "uu" 3902  14438.513672 18229.955078 14285.760742
  47           "zh" 4943  17563.529297 19756.439453 15831.977539
  48          "swa"    0    0.000000   0.000000   0.000000
