   1            "a" 38377  75900.406250 83955.257813 86403.164063
   2            "b" 9294  23032.289063 26476.498047 26126.695313
   3            "d" 17140  38321.937500 39621.031250 31872.435547
   4            "e" 55694  100471.828125 78079.218750 90680.742188
   5            "f" 3989  10399.308594 14697.952148 11524.467773
   6            "g" 2526  5962.080566 6342.095703 7218.353516
   7            "h" 7446  15968.984375 16791.511719 16700.460938
   8            "i" 35374  72977.671875 58601.910156 74114.460938
   9            "k" 19717  65877.312500 55956.296875 51439.398438
  10            "l" 24774  54330.398438 48415.234375 49735.574219
  11            "m" 18939  47255.683594 55717.925781 49985.464844
  12            "n" 25185  55329.597656 60709.683594 50316.484375
  13            "o" 45258  78179.859375 80249.015625 84530.367188
  14            "p" 19114  63149.789063 48735.378906 42607.457031
  15            "r" 19433  38129.304688 35491.871094 32941.457031
  16            "s" 26908  79900.992188 109572.460938 113444.468750
  17            "t" 27407  91392.640625 70070.328125 58442.394531
  18            "u" 17895  51215.160156 38964.746094 42584.746094
  19            "v" 21472  43950.058594 39798.070313 40801.921875
  20            "x" 5484  13805.918945 21472.263672 21740.046875
  21            "y" 16069  34317.078125 34565.460938 37108.769531
  22            "z" 10611  32778.371094 37018.136719 32716.019531
  23           "aa" 12886  40737.597656 77554.195313 49127.164063
  24           "ch" 5709  26943.892578 25237.714844 25932.759766
  25           "dg"  232  1439.187988 946.377380 827.712585
  26           "dj" 3597  12528.828125 11746.214844 10884.126953
  27           "dz"  284  1026.909424 1050.195313 1043.130493
  28           "ee" 6604  17361.373047 30237.929688 21005.589844
  29           "ii" 22811  73711.859375 62988.867188 59934.355469
  30           "n0"    0    0.000000   0.000000   0.000000
  31           "n1"    0    0.000000   0.000000   0.000000
  32           "n2"    0    0.000000   0.000000   0.000000
  33           "n3"    0    0.000000   0.000000   0.000000
  34           "n4"    0    0.000000   0.000000   0.000000
  35           "n5"    0    0.000000   0.000000   0.000000
  36           "mg"  172  576.809631 586.980591 497.328430
  37           "ng"  692  2939.066406 1997.405396 1793.385986
  38           "nj" 12506  40364.425781 34452.687500 38721.085938
  39           "oo"  267  1233.107422 1809.550537 952.551636
  40           "rs" 3762  12970.924805 13428.768555 10009.334961
  41           "rz" 2991  9700.900391 10687.917969 9179.745117
  42           "sh" 6112  22515.644531 31143.544922 21950.234375
  43           "si" 34432  450986.625000 322832.562500 667684.812500
  44           "tj" 5250  22924.455078 17980.070313 12246.303711
  45           "ts" 8667  36302.984375 37945.824219 31514.154297
  46           "uu" 3902  14218.996094 17674.544922 14308.927734
  47           "zh" 4943  16043.149414 18324.894531 19792.376953
  48          "swa"    0    0.000000   0.000000   0.000000
