   1            "a" 38377  83373.148438 96389.828125 84748.484375
   2            "b" 9294  31064.361328 20646.027344 19765.658203
   3            "d" 17140  33124.046875 29889.533203 41397.777344
   4            "e" 55694  97199.726563 103010.898438 85549.343750
   5            "f" 3989  9957.952148 15688.458008 9324.191406
   6            "g" 2526  6090.722168 5505.033691 7189.878906
   7            "h" 7446  14451.057617 17579.248047 16526.185547
   8            "i" 35374  58472.500000 78172.757813 71098.929688
   9            "k" 19717  61377.320313 44515.429688 63850.351563
  10            "l" 24774  49908.292969 51760.863281 50973.937500
  11            "m" 18939  38549.425781 59429.410156 44200.667969
  12            "n" 25185  46264.707031 55646.699219 55097.210938
  13            "o" 45258  83827.015625 91927.070313 81896.382813
  14            "p" 19114  72481.984375 44167.351563 38454.644531
  15            "r" 19433  37149.328125 34453.906250 33480.011719
  16            "s" 26908  89956.531250 126897.250000 87200.765625
  17            "t" 27407  81983.507813 61692.726563 74457.789063
  18            "u" 17895  38436.207031 53379.339844 44705.230469
  19            "v" 21472  39523.152344 39141.304688 38628.578125
  20            "x" 5484  13877.665039 23034.759766 17323.617188
  21            "y" 16069  31609.955078 31637.343750 44299.941406
  22            "z" 10611  27430.525391 38884.695313 29552.509766
  23           "aa" 12886  42664.117188 80439.484375 52145.593750
  24           "ch" 5709  28034.300781 26842.228516 20681.824219
  25           "dg"  232  1229.651367 991.260864 783.958862
  26           "dj" 3597  10485.853516 11263.103516 10597.638672
  27           "dz"  284  939.913635 1131.903320 880.512939
  28           "ee" 6604  16010.880859 34888.539063 20768.882813
  29           "ii" 22811  54757.953125 85734.500000 61721.519531
  30           "n0"    0    0.000000   0.000000   0.000000
  31           "n1"    0    0.000000   0.000000   0.000000
  32           "n2"    0    0.000000   0.000000   0.000000
  33           "n3"    0    0.000000   0.000000   0.000000
  34           "n4"    0    0.000000   0.000000   0.000000
  35           "n5"    0    0.000000   0.000000   0.000000
  36           "mg"  172  522.946594 574.798279 462.312408
  37           "ng"  692  2054.996094 2322.498779 1741.815552
  38           "nj" 12506  39798.160156 30065.107422 32752.662109
  39           "oo"  267  1106.030151 1877.652954 1110.748413
  40           "rs" 3762  13243.102539 12831.139648 8743.329102
  41           "rz" 2991  8782.930664 10410.253906 7897.648438
  42           "sh" 6112  21287.904297 31841.544922 19880.123047
  43           "si" 34432  693063.187500 350895.562500 410178.843750
  44           "tj" 5250  22733.783203 17416.250000 10120.525391
  45           "ts" 8667  41558.496094 36698.082031 28277.474609
  46           "uu" 3902  12891.476563 19400.117188 13699.585938
  47           "zh" 4943  14155.286133 21418.238281 13707.011719
  48          "swa"    0    0.000000   0.000000   0.000000
