   1           "mj"   23  14286.995117
   2           "pb"   23  15350.000000
   3   "pavel_rada"   23  8699.997070
   4 "otomar_nemecek"   23  11218.998047
   5      "dvorsky"   23  12470.000000
   6 "martin_jiricek"   23  9277.997070
   7    "kounovsky"   23  8311.999023
   8       "vaclav"   23  8419.998047
   9        "tomas"   23  8065.998535
  10        "cerny"   23  15786.999023
  11        "smola"   23  6622.997559
  12        "fejgl"   23  6451.997559
  13        "kasal"   23  10721.999023
  14       "blazek"   23  14345.997070
  15 "frantisek_vlas"   23  11439.999023
  16      "nozicka"   23  8945.999023
  17     "motejlek"   23  14844.999023
  18 "martin_paroubek"   26  12638.997070
  19          "jan"   23  8847.998047
  20        "david"   23  8473.999023
  21          "mak"   23  15760.996094
  22          "mar"   23  14695.997070
  23         "mpch"   23  14795.997070
  24          "mfd"   23  19564.998047
  25          "mfl"   23  14098.998047
  26          "mjb"   23  13363.998047
  27          "mjl"   24  15728.999023
  28          "mjs"   23  17323.998047
  29          "mjt"   23  13870.999023
  30          "mkk"   23  17875.996094
  31          "mms"   23  12739.998047
  32          "mos"   23  15610.997070
  33          "mpm"   23  15416.997070
  34          "mpn"   23  20423.000000
  35          "mps"   23  16687.998047
  36          "mpz"   23  15316.998047
  37         "mps2"   23  14281.997070
  38          "mvl"   23  11704.998047
  39          "mzs"   23  17821.998047
  40         "mvl2"   24  15959.997070
  41      "polacek"   23  19833.998047
  42          "zab"   23  19222.996094
  43          "zas"   23  14953.997070
  44          "zbs"   23  17182.998047
  45          "zhl"   23  19107.998047
  46          "zhn"   23  12994.998047
  47          "zht"   23  15202.999023
  48          "zil"   23  15532.996094
  49          "zjh"   23  15031.997070
  50          "zjs"   23  12913.998047
  51          "zkc"   23  13600.997070
  52          "zkk"   23  14251.997070
  53          "zkn"   23  12944.999023
  54          "zkv"   23  16321.997070
  55          "zlg"   23  12433.997070
  56          "zlj"   23  18652.998047
  57          "zlk"   23  18055.996094
  58          "zlr"   23  14593.999023
  59          "zls"   23  18064.998047
  60          "zlt"   23  14920.998047
  61          "zmd"   23  16060.997070
  62          "zmh"   23  17089.998047
  63          "zmn"   23  18142.996094
  64          "zmt"   23  14275.997070
  65          "znm"   23  22483.996094
  66          "zrh"   23  17932.996094
  67          "zss"   23  13624.997070
  68          "ztk"   23  15787.997070
  69          "ztv"   23  13534.998047
  70  "michal_rott"   23  10174.999023
  71     "jan_hybs"   24  13244.000000
  72        "trnka"   23  10374.998047
  73 "martin_beranek"   22  9441.996094
  74      "safarik"   23  12214.999023
  75      "foldyna"   23  16955.998047
  76 "radek_safarik"   23  10975.999023
  77       "vratny"   23  14164.999023
  78    "svarovsky"   23  15416.998047
  79  "jan_kanajlo"   23  17354.998047
  80        "dutka"   23  12689.997070
  81   "ales_russe"   23  10969.996094
  82 "lukas_mateju"   23  8875.998047
  83        "vacek"   23  12471.000000
  84        "horky"   23  14242.000000
  85        "kolar"   23  12112.999023
  86       "breuer"   23  14934.000000
  87        "kovar"   23  10369.000000
  88      "linhart"   23  15006.996094
  89         "zkv2"   23  13663.998047
  90       "halada"   23  18199.998047
  91 "martin_kaiser"   23  11044.998047
  92  "zdenek_kybl"   23  8751.996094
  93      "chmelik"   23  13402.000000
  94         "zls2"   23  15106.997070
  95         "zss2"   23  14158.998047
