   1            "a" 38377  83119.109375 94820.375000 85911.601563
   2            "b" 9294  31021.562500 20775.160156 19769.230469
   3            "d" 17140  33349.515625 31099.623047 40594.273438
   4            "e" 55694  95926.835938 102055.664063 85367.656250
   5            "f" 3989  9928.070313 15627.724609 9561.571289
   6            "g" 2526  6197.379395 5405.357910 7160.353516
   7            "h" 7446  14484.682617 17500.578125 16621.966797
   8            "i" 35374  57844.070313 77402.585938 72278.773438
   9            "k" 19717  60854.808594 45876.406250 64536.414063
  10            "l" 24774  50789.601563 50804.285156 50690.699219
  11            "m" 18939  38915.535156 59084.722656 44094.105469
  12            "n" 25185  46189.871094 56030.527344 55006.625000
  13            "o" 45258  83284.164063 91021.531250 82414.390625
  14            "p" 19114  72165.125000 44217.328125 38958.925781
  15            "r" 19433  36888.261719 34200.199219 33797.601563
  16            "s" 26908  89986.726563 127531.585938 87394.562500
  17            "t" 27407  82311.015625 60681.808594 74940.992188
  18            "u" 17895  38954.878906 52496.863281 44810.066406
  19            "v" 21472  39750.125000 39025.679688 38651.273438
  20            "x" 5484  14014.625977 23369.187500 17286.511719
  21            "y" 16069  31895.875000 32299.109375 43255.593750
  22            "z" 10611  27779.630859 38635.460938 29898.304688
  23           "aa" 12886  42077.207031 80502.609375 52330.472656
  24           "ch" 5709  28155.572266 26875.591797 20830.132813
  25           "dg"  232  1230.444458 989.708069 792.100708
  26           "dj" 3597  10615.903320 11232.990234 10590.433594
  27           "dz"  284  940.578491 1118.628174 890.993042
  28           "ee" 6604  15876.990234 34780.386719 20737.437500
  29           "ii" 22811  55160.203125 84655.117188 61958.000000
  30           "n0"    0    0.000000   0.000000   0.000000
  31           "n1"    0    0.000000   0.000000   0.000000
  32           "n2"    0    0.000000   0.000000   0.000000
  33           "n3"    0    0.000000   0.000000   0.000000
  34           "n4"    0    0.000000   0.000000   0.000000
  35           "n5"    0    0.000000   0.000000   0.000000
  36           "mg"  172  526.980408 569.710815 466.545624
  37           "ng"  692  2069.333740 2313.408203 1737.183105
  38           "nj" 12506  39557.746094 30873.099609 33066.800781
  39           "oo"  267  1106.226807 1856.147217 1104.214600
  40           "rs" 3762  13357.217773 12734.450195 8877.166992
  41           "rz" 2991  8672.509766 10369.046875 8111.027832
  42           "sh" 6112  21242.162109 31846.263672 20298.367188
  43           "si" 34432  694039.312500 386141.312500 372954.062500
  44           "tj" 5250  22503.109375 17395.169922 10302.426758
  45           "ts" 8667  41415.914063 36890.792969 28343.158203
  46           "uu" 3902  13085.759766 19162.435547 13844.972656
  47           "zh" 4943  14155.128906 21377.001953 14472.236328
  48          "swa"    0    0.000000   0.000000   0.000000
