   1            "a" 38377  79179.828125 82209.734375 81476.703125
   2            "b" 9294  32760.396484 21930.048828 21590.242188
   3            "d" 17140  37560.679688 35389.304688 38650.585938
   4            "e" 55694  85236.976563 92211.664063 87852.281250
   5            "f" 3989  10633.686523 15214.025391 11610.251953
   6            "g" 2526  6934.405273 5474.550781 7210.562500
   7            "h" 7446  16574.988281 16682.226563 17186.675781
   8            "i" 35374  60544.996094 68936.914063 76544.937500
   9            "k" 19717  63028.589844 51322.578125 64385.617188
  10            "l" 24774  54700.398438 48540.832031 48412.953125
  11            "m" 18939  48740.003906 56542.402344 49413.976563
  12            "n" 25185  55316.039063 54736.687500 57919.593750
  13            "o" 45258  76394.164063 78996.195313 82624.328125
  14            "p" 19114  70183.328125 45702.707031 43668.054688
  15            "r" 19433  38118.644531 35502.847656 35271.738281
  16            "s" 26908  94505.492188 121162.476563 87552.031250
  17            "t" 27407  77682.343750 62127.308594 80082.984375
  18            "u" 17895  43611.195313 45241.097656 46843.976563
  19            "v" 21472  46230.699219 39964.730469 40095.460938
  20            "x" 5484  16094.043945 22904.908203 18460.154297
  21            "y" 16069  33379.402344 34327.609375 37387.148438
  22            "z" 10611  34420.414063 36650.683594 31934.550781
  23           "aa" 12886  41224.109375 74393.195313 48128.820313
  24           "ch" 5709  27861.656250 28735.677734 21649.138672
  25           "dg"  232  1284.428589 1041.490112 957.353699
  26           "dj" 3597  12270.955078 12075.805664 10931.323242
  27           "dz"  284  1049.760742 1092.447388 1031.377930
  28           "ee" 6604  17950.992188 29448.156250 21352.296875
  29           "ii" 22811  62277.609375 73610.953125 62014.269531
  30           "n0"    0    0.000000   0.000000   0.000000
  31           "n1"    0    0.000000   0.000000   0.000000
  32           "n2"    0    0.000000   0.000000   0.000000
  33           "n3"    0    0.000000   0.000000   0.000000
  34           "n4"    0    0.000000   0.000000   0.000000
  35           "n5"    0    0.000000   0.000000   0.000000
  36           "mg"  172  558.608337 556.556885 509.953796
  37           "ng"  692  2462.329590 2192.174561 1979.941406
  38           "nj" 12506  42692.140625 34192.820313 38374.867188
  39           "oo"  267  1130.234497 1663.101807 1217.983154
  40           "rs" 3762  14713.674805 12591.386719 9897.676758
  41           "rz" 2991  9931.465820 9790.592773 9649.017578
  42           "sh" 6112  23476.414063 29971.142578 21472.833984
  43           "si" 34432  683708.312500 413055.250000 331172.156250
  44           "tj" 5250  21243.826172 18802.220703 12791.899414
  45           "ts" 8667  38729.855469 37681.761719 29679.330078
  46           "uu" 3902  14629.808594 17982.041016 14721.213867
  47           "zh" 4943  18115.875000 19664.775391 16470.210938
  48          "swa"    0    0.000000   0.000000   0.000000
