   1           "mj"   46  27932.955078
   2           "pb"   46  31839.968750
   3   "pavel_rada"   46  17138.978516
   4 "otomar_nemecek"   46  22512.966797
   5      "dvorsky"   46  22513.968750
   6 "martin_jiricek"   46  18099.964844
   7    "kounovsky"   46  16214.978516
   8       "vaclav"   46  17663.978516
   9        "tomas"   46  16810.958984
  10        "cerny"   46  32126.968750
  11        "smola"   46  13480.973633
  12        "fejgl"   46  13889.962891
  13        "kasal"   46  22786.972656
  14       "blazek"   46  27655.968750
  15 "frantisek_vlas"   46  21661.968750
  16      "nozicka"   46  18874.972656
  17     "motejlek"   46  30005.966797
  18 "martin_paroubek"   51  26021.972656
  19          "jan"   46  17030.980469
  20        "david"   46  17064.964844
  21          "mak"   46  32286.943359
  22          "mar"   46  29805.972656
  23         "mpch"   46  29918.972656
  24          "mfd"   46  41205.968750
  25          "mfl"   46  28182.958984
  26          "mjb"   46  26946.958984
  27          "mjl"   47  30238.976563
  28          "mjs"   46  33966.972656
  29          "mjt"   46  26223.974609
  30          "mkk"   46  38010.968750
  31          "mms"   45  24893.980469
  32          "mos"   46  30315.970703
  33          "mpm"   46  30756.958984
  34          "mpn"   46  40878.929688
  35          "mps"   46  34035.960938
  36          "mpz"   46  29697.966797
  37         "mps2"   46  28926.968750
  38          "mvl"   46  23336.964844
  39          "mzs"   46  35475.960938
  40         "mvl2"   47  31235.960938
  41      "polacek"   46  39023.957031
  42          "zab"   46  39264.984375
  43          "zas"   46  29403.972656
  44          "zbs"   46  33447.980469
  45          "zhl"   46  38990.980469
  46          "zhn"   46  25035.964844
  47          "zht"   46  30360.968750
  48          "zil"   45  31352.972656
  49          "zjh"   46  29454.974609
  50          "zjs"   46  26121.964844
  51          "zkc"   46  26691.974609
  52          "zkk"   46  29322.978516
  53          "zkn"   46  25640.974609
  54          "zkv"   46  32897.976563
  55          "zlg"   46  25022.970703
  56          "zlj"   46  37545.968750
  57          "zlk"   46  36036.968750
  58          "zlr"   46  29154.976563
  59          "zls"   46  35718.972656
  60          "zlt"   46  30183.970703
  61          "zmd"   46  32097.978516
  62          "zmh"   46  34893.976563
  63          "zmn"   46  36252.964844
  64          "zmt"   46  28560.976563
  65          "znm"   46  45771.972656
  66          "zrh"   46  36846.968750
  67          "zss"   46  26883.976563
  68          "ztk"   45  31343.978516
  69          "ztv"   45  27575.970703
  70  "michal_rott"   45  20216.960938
  71     "jan_hybs"   47  24208.953125
  72        "trnka"   46  20524.970703
  73 "martin_beranek"   44  18661.966797
  74      "safarik"   46  23850.972656
  75      "foldyna"   46  33573.945313
  76 "radek_safarik"   46  21423.955078
  77       "vratny"   46  27971.986328
  78    "svarovsky"   46  31596.964844
  79  "jan_kanajlo"   46  34403.972656
  80        "dutka"   46  26306.958984
  81   "ales_russe"   46  22005.966797
  82 "lukas_mateju"   46  17075.978516
  83        "vacek"   46  24123.957031
  84        "horky"   46  30730.974609
  85        "kolar"   46  26018.964844
  86       "breuer"   46  28069.955078
  87        "kovar"   46  21366.966797
  88      "linhart"   46  30086.976563
  89         "zkv2"   46  27738.968750
  90       "halada"   46  37428.964844
  91 "martin_kaiser"   46  22222.976563
  92  "zdenek_kybl"   46  17383.976563
  93      "chmelik"   46  27839.955078
  94         "zls2"   46  31083.974609
  95         "zss2"   46  26757.974609
