   1           "mj"   23  14286.945313
   2           "pb"   23  15349.973633
   3   "pavel_rada"   23  8699.985352
   4 "otomar_nemecek"   23  11218.969727
   5      "dvorsky"   23  12469.976563
   6 "martin_jiricek"   23  9277.946289
   7    "kounovsky"   23  8311.978516
   8       "vaclav"   23  8419.985352
   9        "tomas"   23  8065.963379
  10        "cerny"   23  15786.979492
  11        "smola"   23  6622.975098
  12        "fejgl"   23  6451.976074
  13        "kasal"   23  10721.984375
  14       "blazek"   23  14345.974609
  15 "frantisek_vlas"   23  11439.975586
  16      "nozicka"   23  8945.976563
  17     "motejlek"   23  14844.980469
  18 "martin_paroubek"   26  12638.975586
  19          "jan"   23  8847.982422
  20        "david"   23  8473.977539
  21          "mak"   23  15760.942383
  22          "mar"   23  14695.968750
  23         "mpch"   23  14795.975586
  24          "mfd"   23  19564.972656
  25          "mfl"   23  14098.968750
  26          "mjb"   23  13363.956055
  27          "mjl"   24  15728.968750
  28          "mjs"   23  17323.980469
  29          "mjt"   23  13870.983398
  30          "mkk"   23  17875.966797
  31          "mms"   23  12739.976563
  32          "mos"   23  15610.977539
  33          "mpm"   23  15416.958008
  34          "mpn"   23  20422.962891
  35          "mps"   23  16687.968750
  36          "mpz"   23  15316.971680
  37         "mps2"   23  14281.975586
  38          "mvl"   23  11704.968750
  39          "mzs"   23  17821.966797
  40         "mvl2"   24  15959.956055
  41      "polacek"   23  19833.976563
  42          "zab"   23  19222.980469
  43          "zas"   23  14953.981445
  44          "zbs"   23  17182.980469
  45          "zhl"   23  19107.968750
  46          "zhn"   23  12994.976563
  47          "zht"   23  15202.970703
  48          "zil"   23  15532.976563
  49          "zjh"   23  15031.977539
  50          "zjs"   23  12913.972656
  51          "zkc"   23  13600.969727
  52          "zkk"   23  14251.973633
  53          "zkn"   23  12944.974609
  54          "zkv"   23  16321.978516
  55          "zlg"   23  12433.973633
  56          "zlj"   23  18652.974609
  57          "zlk"   23  18055.970703
  58          "zlr"   23  14593.980469
  59          "zls"   23  18064.976563
  60          "zlt"   23  14920.982422
  61          "zmd"   23  16060.981445
  62          "zmh"   23  17089.984375
  63          "zmn"   23  18142.964844
  64          "zmt"   23  14275.983398
  65          "znm"   23  22483.978516
  66          "zrh"   23  17932.974609
  67          "zss"   23  13624.978516
  68          "ztk"   23  15787.976563
  69          "ztv"   23  13534.976563
  70  "michal_rott"   23  10174.975586
  71     "jan_hybs"   24  13243.967773
  72        "trnka"   23  10374.968750
  73 "martin_beranek"   22  9441.958984
  74      "safarik"   23  12214.981445
  75      "foldyna"   23  16955.972656
  76 "radek_safarik"   23  10975.984375
  77       "vratny"   23  14164.983398
  78    "svarovsky"   23  15416.975586
  79  "jan_kanajlo"   23  17354.976563
  80        "dutka"   23  12689.970703
  81   "ales_russe"   23  10969.969727
  82 "lukas_mateju"   23  8875.969727
  83        "vacek"   23  12470.974609
  84        "horky"   23  14241.980469
  85        "kolar"   23  12112.976563
  86       "breuer"   23  14933.982422
  87        "kovar"   23  10368.978516
  88      "linhart"   23  15006.975586
  89         "zkv2"   23  13663.972656
  90       "halada"   23  18199.972656
  91 "martin_kaiser"   23  11044.970703
  92  "zdenek_kybl"   23  8751.971680
  93      "chmelik"   23  13401.978516
  94         "zls2"   23  15106.974609
  95         "zss2"   23  14158.977539
