   1           "mj"   90  57682.898438
   2           "pb"   90  62295.941406
   3   "pavel_rada"   90  33900.949219
   4 "otomar_nemecek"   90  37412.914063
   5      "dvorsky"   90  39041.933594
   6 "martin_jiricek"   90  33287.894531
   7    "kounovsky"   90  31793.951172
   8       "vaclav"   90  36002.960938
   9        "tomas"   90  33682.894531
  10        "cerny"   90  64295.937500
  11        "smola"   90  26474.939453
  12        "fejgl"   90  27208.886719
  13        "kasal"   90  48582.941406
  14       "blazek"   90  51993.937500
  15 "frantisek_vlas"   90  39192.929688
  16      "nozicka"   90  40109.929688
  17     "motejlek"   90  59098.964844
  18 "martin_paroubek"  101  48157.933594
  19          "jan"   90  32215.951172
  20        "david"   90  32395.931641
  21          "mak"   90  63713.867188
  22          "mar"   91  58815.917969
  23         "mpch"   90  56948.945313
  24          "mfd"   90  80354.921875
  25          "mfl"   90  52031.902344
  26          "mjb"   91  51177.890625
  27          "mjl"   93  57113.941406
  28          "mjs"   90  64454.933594
  29          "mjt"   90  50864.941406
  30          "mkk"   90  75332.906250
  31          "mms"   89  46705.929688
  32          "mos"   90  57065.929688
  33          "mpm"   90  60392.898438
  34          "mpn"   90  77162.890625
  35          "mps"   90  66389.906250
  36          "mpz"   90  55841.933594
  37         "mps2"   90  56960.933594
  38          "mvl"   90  46018.902344
  39          "mzs"   90  73016.898438
  40         "mvl2"   92  59210.878906
  41      "polacek"   90  71610.906250
  42          "zab"   90  75743.960938
  43          "zas"   90  54749.953125
  44          "zbs"   90  65534.960938
  45          "zhl"   90  70040.937500
  46          "zhn"   90  46871.929688
  47          "zht"   90  60470.937500
  48          "zil"   88  60075.933594
  49          "zjh"   90  58616.941406
  50          "zjs"   90  51248.933594
  51          "zkc"   91  51273.937500
  52          "zkk"   90  57035.941406
  53          "zkn"   91  47281.953125
  54          "zkv"   90  68110.945313
  55          "zlg"   90  49289.937500
  56          "zlj"   90  77429.929688
  57          "zlk"   90  71771.921875
  58          "zlr"   90  55256.949219
  59          "zls"   90  68243.953125
  60          "zlt"   90  58004.957031
  61          "zmd"   90  61748.972656
  62          "zmh"   90  67382.960938
  63          "zmn"   90  70517.914063
  64          "zmt"   90  55829.960938
  65          "znm"   91  87495.953125
  66          "zrh"   90  71315.929688
  67          "zss"   90  49859.953125
  68          "ztk"   89  62839.953125
  69          "ztv"   88  52293.941406
  70  "michal_rott"   88  40029.914063
  71     "jan_hybs"   92  46759.890625
  72        "trnka"   90  40785.933594
  73 "martin_beranek"   87  38702.894531
  74      "safarik"   90  48739.953125
  75      "foldyna"   90  61136.906250
  76 "radek_safarik"   90  40434.925781
  77       "vratny"   90  57469.964844
  78    "svarovsky"   90  61343.917969
  79  "jan_kanajlo"   90  66352.929688
  80        "dutka"   90  53322.914063
  81   "ales_russe"   91  42642.914063
  82 "lukas_mateju"   91  31899.914063
  83        "vacek"   90  44891.914063
  84        "horky"   90  60902.933594
  85        "kolar"   90  57059.960938
  86       "breuer"   90  51769.933594
  87        "kovar"   90  41658.929688
  88      "linhart"   90  59159.933594
  89         "zkv2"   90  51173.929688
  90       "halada"   90  73912.898438
  91 "martin_kaiser"   90  41980.953125
  92  "zdenek_kybl"   90  33170.933594
  93      "chmelik"   90  55849.921875
  94         "zls2"   90  61757.945313
  95         "zss2"   90  50069.953125
