   1           "mj"   46  27933.000000
   2           "pb"   46  31840.000000
   3   "pavel_rada"   46  17139.000000
   4 "otomar_nemecek"   46  22512.996094
   5      "dvorsky"   46  22513.998047
   6 "martin_jiricek"   46  18099.996094
   7    "kounovsky"   46  16214.998047
   8       "vaclav"   46  17663.996094
   9        "tomas"   46  16810.998047
  10        "cerny"   46  32127.000000
  11        "smola"   46  13480.996094
  12        "fejgl"   46  13889.999023
  13        "kasal"   46  22786.996094
  14       "blazek"   46  27655.996094
  15 "frantisek_vlas"   46  21661.998047
  16      "nozicka"   46  18874.998047
  17     "motejlek"   46  30005.998047
  18 "martin_paroubek"   51  26021.994141
  19          "jan"   46  17030.998047
  20        "david"   46  17064.996094
  21          "mak"   46  32286.994141
  22          "mar"   46  29805.998047
  23         "mpch"   46  29918.998047
  24          "mfd"   46  41205.996094
  25          "mfl"   46  28182.996094
  26          "mjb"   46  26946.996094
  27          "mjl"   47  30238.998047
  28          "mjs"   46  33967.000000
  29          "mjt"   46  26223.996094
  30          "mkk"   46  38010.996094
  31          "mms"   45  24893.996094
  32          "mos"   46  30315.998047
  33          "mpm"   46  30756.996094
  34          "mpn"   46  40878.996094
  35          "mps"   46  34035.996094
  36          "mpz"   46  29697.998047
  37         "mps2"   46  28926.998047
  38          "mvl"   46  23336.996094
  39          "mzs"   46  35475.996094
  40         "mvl2"   47  31235.996094
  41      "polacek"   46  39023.996094
  42          "zab"   46  39265.000000
  43          "zas"   46  29403.998047
  44          "zbs"   46  33447.996094
  45          "zhl"   46  38990.996094
  46          "zhn"   46  25035.996094
  47          "zht"   46  30360.998047
  48          "zil"   45  31352.996094
  49          "zjh"   46  29454.996094
  50          "zjs"   46  26121.998047
  51          "zkc"   46  26691.998047
  52          "zkk"   46  29322.996094
  53          "zkn"   46  25640.998047
  54          "zkv"   46  32897.996094
  55          "zlg"   46  25022.996094
  56          "zlj"   46  37546.000000
  57          "zlk"   46  36036.996094
  58          "zlr"   46  29154.996094
  59          "zls"   46  35718.996094
  60          "zlt"   46  30183.998047
  61          "zmd"   46  32097.998047
  62          "zmh"   46  34894.000000
  63          "zmn"   46  36252.996094
  64          "zmt"   46  28560.998047
  65          "znm"   46  45771.996094
  66          "zrh"   46  36846.996094
  67          "zss"   46  26883.996094
  68          "ztk"   45  31343.998047
  69          "ztv"   45  27575.996094
  70  "michal_rott"   45  20216.998047
  71     "jan_hybs"   47  24209.000000
  72        "trnka"   46  20524.994141
  73 "martin_beranek"   44  18661.994141
  74      "safarik"   46  23850.998047
  75      "foldyna"   46  33573.996094
  76 "radek_safarik"   46  21424.000000
  77       "vratny"   46  27971.998047
  78    "svarovsky"   46  31596.996094
  79  "jan_kanajlo"   46  34403.996094
  80        "dutka"   46  26306.994141
  81   "ales_russe"   46  22005.996094
  82 "lukas_mateju"   46  17075.996094
  83        "vacek"   46  24123.998047
  84        "horky"   46  30730.998047
  85        "kolar"   46  26018.998047
  86       "breuer"   46  28070.000000
  87        "kovar"   46  21366.998047
  88      "linhart"   46  30086.996094
  89         "zkv2"   46  27738.996094
  90       "halada"   46  37429.000000
  91 "martin_kaiser"   46  22222.998047
  92  "zdenek_kybl"   46  17383.996094
  93      "chmelik"   46  27839.996094
  94         "zls2"   46  31083.998047
  95         "zss2"   46  26757.998047
