   1           "mj"   46  27932.998047
   2           "pb"   46  31840.000000
   3   "pavel_rada"   46  17138.998047
   4 "otomar_nemecek"   46  22512.998047
   5      "dvorsky"   46  22514.000000
   6 "martin_jiricek"   46  18099.996094
   7    "kounovsky"   46  16215.000000
   8       "vaclav"   46  17664.000000
   9        "tomas"   46  16810.996094
  10        "cerny"   46  32126.998047
  11        "smola"   46  13480.997070
  12        "fejgl"   46  13889.997070
  13        "kasal"   46  22786.998047
  14       "blazek"   46  27655.996094
  15 "frantisek_vlas"   46  21661.998047
  16      "nozicka"   46  18874.998047
  17     "motejlek"   46  30006.000000
  18 "martin_paroubek"   51  26021.996094
  19          "jan"   46  17030.998047
  20        "david"   46  17065.000000
  21          "mak"   46  32286.996094
  22          "mar"   46  29805.996094
  23         "mpch"   46  29918.998047
  24          "mfd"   46  41205.996094
  25          "mfl"   46  28182.996094
  26          "mjb"   46  26946.996094
  27          "mjl"   47  30238.998047
  28          "mjs"   46  33966.996094
  29          "mjt"   46  26223.998047
  30          "mkk"   46  38010.992188
  31          "mms"   45  24893.998047
  32          "mos"   46  30315.998047
  33          "mpm"   46  30756.998047
  34          "mpn"   46  40879.000000
  35          "mps"   46  34035.996094
  36          "mpz"   46  29698.000000
  37         "mps2"   46  28926.998047
  38          "mvl"   46  23336.996094
  39          "mzs"   46  35475.996094
  40         "mvl2"   47  31235.998047
  41      "polacek"   46  39024.000000
  42          "zab"   46  39265.000000
  43          "zas"   46  29404.000000
  44          "zbs"   46  33447.996094
  45          "zhl"   46  38990.996094
  46          "zhn"   46  25035.998047
  47          "zht"   46  30361.000000
  48          "zil"   45  31352.996094
  49          "zjh"   46  29454.998047
  50          "zjs"   46  26121.998047
  51          "zkc"   46  26691.998047
  52          "zkk"   46  29322.998047
  53          "zkn"   46  25640.998047
  54          "zkv"   46  32897.996094
  55          "zlg"   46  25022.998047
  56          "zlj"   46  37546.000000
  57          "zlk"   46  36037.000000
  58          "zlr"   46  29155.000000
  59          "zls"   46  35718.996094
  60          "zlt"   46  30183.998047
  61          "zmd"   46  32097.998047
  62          "zmh"   46  34894.000000
  63          "zmn"   46  36252.996094
  64          "zmt"   46  28560.998047
  65          "znm"   46  45771.996094
  66          "zrh"   46  36847.000000
  67          "zss"   46  26883.996094
  68          "ztk"   45  31343.998047
  69          "ztv"   45  27575.998047
  70  "michal_rott"   45  20216.996094
  71     "jan_hybs"   47  24208.998047
  72        "trnka"   46  20524.998047
  73 "martin_beranek"   44  18661.994141
  74      "safarik"   46  23850.998047
  75      "foldyna"   46  33573.996094
  76 "radek_safarik"   46  21423.998047
  77       "vratny"   46  27971.998047
  78    "svarovsky"   46  31597.000000
  79  "jan_kanajlo"   46  34403.996094
  80        "dutka"   46  26306.996094
  81   "ales_russe"   46  22005.996094
  82 "lukas_mateju"   46  17075.996094
  83        "vacek"   46  24123.998047
  84        "horky"   46  30731.000000
  85        "kolar"   46  26019.000000
  86       "breuer"   46  28070.000000
  87        "kovar"   46  21366.998047
  88      "linhart"   46  30086.996094
  89         "zkv2"   46  27738.998047
  90       "halada"   46  37429.000000
  91 "martin_kaiser"   46  22222.998047
  92  "zdenek_kybl"   46  17383.990234
  93      "chmelik"   46  27840.000000
  94         "zls2"   46  31083.998047
  95         "zss2"   46  26757.998047
