   1           "mj"   23  14286.853516
   2           "pb"   23  15349.952148
   3   "pavel_rada"   23  8699.962891
   4 "otomar_nemecek"   23  11218.910156
   5      "dvorsky"   23  12469.929688
   6 "martin_jiricek"   23  9277.899414
   7    "kounovsky"   23  8311.939453
   8       "vaclav"   23  8419.958984
   9        "tomas"   23  8065.899902
  10        "cerny"   23  15786.946289
  11        "smola"   23  6622.940918
  12        "fejgl"   23  6451.886230
  13        "kasal"   23  10721.957031
  14       "blazek"   23  14345.940430
  15 "frantisek_vlas"   23  11439.946289
  16      "nozicka"   23  8945.935547
  17     "motejlek"   23  14844.967773
  18 "martin_paroubek"   26  12638.940430
  19          "jan"   23  8847.951172
  20        "david"   23  8473.925781
  21          "mak"   23  15760.863281
  22          "mar"   23  14695.918945
  23         "mpch"   23  14795.948242
  24          "mfd"   23  19564.925781
  25          "mfl"   23  14098.916992
  26          "mjb"   23  13363.905273
  27          "mjl"   24  15728.940430
  28          "mjs"   23  17323.937500
  29          "mjt"   23  13870.945313
  30          "mkk"   23  17875.908203
  31          "mms"   23  12739.936523
  32          "mos"   23  15610.934570
  33          "mpm"   23  15416.896484
  34          "mpn"   23  20422.876953
  35          "mps"   23  16687.917969
  36          "mpz"   23  15316.935547
  37         "mps2"   23  14281.934570
  38          "mvl"   23  11704.913086
  39          "mzs"   23  17821.892578
  40         "mvl2"   24  15959.877930
  41      "polacek"   23  19833.929688
  42          "zab"   23  19222.962891
  43          "zas"   23  14953.955078
  44          "zbs"   23  17182.964844
  45          "zhl"   23  19107.939453
  46          "zhn"   23  12994.932617
  47          "zht"   23  15202.943359
  48          "zil"   23  15532.935547
  49          "zjh"   23  15031.944336
  50          "zjs"   23  12913.939453
  51          "zkc"   23  13600.939453
  52          "zkk"   23  14251.944336
  53          "zkn"   23  12944.948242
  54          "zkv"   23  16321.951172
  55          "zlg"   23  12433.937500
  56          "zlj"   23  18652.939453
  57          "zlk"   23  18055.927734
  58          "zlr"   23  14593.949219
  59          "zls"   23  18064.951172
  60          "zlt"   23  14920.953125
  61          "zmd"   23  16060.966797
  62          "zmh"   23  17089.960938
  63          "zmn"   23  18142.929688
  64          "zmt"   23  14275.958984
  65          "znm"   23  22483.951172
  66          "zrh"   23  17932.947266
  67          "zss"   23  13624.952148
  68          "ztk"   23  15787.956055
  69          "ztv"   23  13534.942383
  70  "michal_rott"   23  10174.918945
  71     "jan_hybs"   24  13243.900391
  72        "trnka"   23  10374.928711
  73 "martin_beranek"   22  9441.890625
  74      "safarik"   23  12214.958008
  75      "foldyna"   23  16955.912109
  76 "radek_safarik"   23  10975.934570
  77       "vratny"   23  14164.970703
  78    "svarovsky"   23  15416.916016
  79  "jan_kanajlo"   23  17354.937500
  80        "dutka"   23  12689.912109
  81   "ales_russe"   23  10969.925781
  82 "lukas_mateju"   23  8875.934570
  83        "vacek"   23  12470.901367
  84        "horky"   23  14241.944336
  85        "kolar"   23  12112.957031
  86       "breuer"   23  14933.933594
  87        "kovar"   23  10368.945313
  88      "linhart"   23  15006.931641
  89         "zkv2"   23  13663.929688
  90       "halada"   23  18199.912109
  91 "martin_kaiser"   23  11044.944336
  92  "zdenek_kybl"   23  8751.941406
  93      "chmelik"   23  13401.916016
  94         "zls2"   23  15106.950195
  95         "zss2"   23  14158.954102
