   1            "a" 38377  78446.062500 86417.414063 83093.906250
   2            "b" 9294  32292.142578 21752.890625 21366.742188
   3            "d" 17140  35765.539063 36733.304688 37227.824219
   4            "e" 55694  86899.421875 94508.828125 89769.640625
   5            "f" 3989  10335.559570 14892.851563 11247.319336
   6            "g" 2526  6853.815430 5451.132324 6956.071777
   7            "h" 7446  16145.458984 16570.566406 16729.158203
   8            "i" 35374  62111.917969 69689.539063 75892.593750
   9            "k" 19717  60770.367188 48426.300781 66746.039063
  10            "l" 24774  53114.773438 49097.488281 48409.578125
  11            "m" 18939  48119.734375 57800.140625 46518.917969
  12            "n" 25185  51745.339844 56179.261719 56260.585938
  13            "o" 45258  79031.890625 81007.156250 82641.437500
  14            "p" 19114  68944.375000 45716.359375 42660.316406
  15            "r" 19433  37196.652344 35903.187500 34560.632813
  16            "s" 26908  92311.203125 124192.015625 88400.546875
  17            "t" 27407  78076.507813 60188.554688 78968.046875
  18            "u" 17895  43273.492188 46452.511719 46286.882813
  19            "v" 21472  43170.289063 40017.882813 40695.554688
  20            "x" 5484  15207.237305 22814.064453 18332.099609
  21            "y" 16069  33037.949219 33804.210938 39004.320313
  22            "z" 10611  33024.394531 36812.835938 31174.248047
  23           "aa" 12886  41164.964844 77866.062500 48701.191406
  24           "ch" 5709  27519.843750 29288.091797 20669.164063
  25           "dg"  232  1267.489624 1047.841553 899.819275
  26           "dj" 3597  12073.639648 11918.536133 10763.485352
  27           "dz"  284  997.290344 1088.281860 1023.194031
  28           "ee" 6604  16704.767578 30795.384766 21597.541016
  29           "ii" 22811  61896.445313 76002.093750 61047.386719
  30           "n0"    0    0.000000   0.000000   0.000000
  31           "n1"    0    0.000000   0.000000   0.000000
  32           "n2"    0    0.000000   0.000000   0.000000
  33           "n3"    0    0.000000   0.000000   0.000000
  34           "n4"    0    0.000000   0.000000   0.000000
  35           "n5"    0    0.000000   0.000000   0.000000
  36           "mg"  172  541.464966 556.682983 495.893463
  37           "ng"  692  2312.976563 2215.347900 1871.805786
  38           "nj" 12506  43941.148438 32491.656250 37314.593750
  39           "oo"  267  1080.991943 1739.024780 1204.345947
  40           "rs" 3762  14216.860352 12524.963867 9697.629883
  41           "rz" 2991  9587.275391 9779.626953 9430.071289
  42           "sh" 6112  22597.828125 31218.375000 20761.904297
  43           "si" 34432  685150.375000 412711.562500 338142.718750
  44           "tj" 5250  21782.835938 18337.587891 12058.805664
  45           "ts" 8667  38798.253906 38187.828125 29178.289063
  46           "uu" 3902  14443.833008 18262.556641 14264.813477
  47           "zh" 4943  17575.539063 19787.023438 15869.879883
  48          "swa"    0    0.000000   0.000000   0.000000
