   1            "a" 38377  82816.968750 94520.703125 86158.062500
   2            "b" 9294  31092.802734 20815.818359 19791.023438
   3            "d" 17140  33445.679688 31667.044922 40228.882813
   4            "e" 55694  95382.875000 101961.671875 85145.679688
   5            "f" 3989  9939.148438 15626.338867 9656.306641
   6            "g" 2526  6265.126953 5373.932617 7143.779297
   7            "h" 7446  14378.907227 17446.072266 16618.685547
   8            "i" 35374  57479.113281 77308.289063 72624.015625
   9            "k" 19717  60732.359375 46115.597656 64848.054688
  10            "l" 24774  51126.828125 50406.128906 50439.687500
  11            "m" 18939  39054.300781 59032.632813 43887.597656
  12            "n" 25185  46043.082031 56134.710938 54963.726563
  13            "o" 45258  82788.687500 90750.664063 82707.531250
  14            "p" 19114  72454.039063 44087.464844 39132.203125
  15            "r" 19433  36741.496094 34210.246094 33889.191406
  16            "s" 26908  89560.757813 128744.726563 87136.492188
  17            "t" 27407  82854.421875 59912.628906 75284.625000
  18            "u" 17895  39061.371094 52205.519531 44851.347656
  19            "v" 21472  39799.089844 39067.871094 38745.531250
  20            "x" 5484  13997.961914 23649.359375 17204.224609
  21            "y" 16069  31971.433594 32509.287109 42935.328125
  22            "z" 10611  27838.675781 38791.851563 30023.617188
  23           "aa" 12886  41632.035156 80943.070313 52237.988281
  24           "ch" 5709  28152.785156 27057.361328 20846.669922
  25           "dg"  232  1220.045532 990.897766 797.221680
  26           "dj" 3597  10717.790039 11203.075195 10597.111328
  27           "dz"  284  942.653748 1112.998779 894.482849
  28           "ee" 6604  15807.864258 34817.835938 20710.667969
  29           "ii" 22811  55256.929688 84326.687500 61887.527344
  30           "n0"    0    0.000000   0.000000   0.000000
  31           "n1"    0    0.000000   0.000000   0.000000
  32           "n2"    0    0.000000   0.000000   0.000000
  33           "n3"    0    0.000000   0.000000   0.000000
  34           "n4"    0    0.000000   0.000000   0.000000
  35           "n5"    0    0.000000   0.000000   0.000000
  36           "mg"  172  527.928406 566.842041 467.741455
  37           "ng"  692  2070.159180 2317.151855 1739.781738
  38           "nj" 12506  39392.476563 31049.447266 33312.558594
  39           "oo"  267  1103.549438 1851.847290 1098.150146
  40           "rs" 3762  13354.973633 12714.605469 8925.447266
  41           "rz" 2991  8573.564453 10373.112305 8220.361328
  42           "sh" 6112  21180.111328 32023.283203 20364.894531
  43           "si" 34432  692638.375000 393092.687500 366822.906250
  44           "tj" 5250  22420.824219 17412.900391 10354.463867
  45           "ts" 8667  41227.273438 37039.804688 28414.273438
  46           "uu" 3902  13135.809570 19140.804688 13822.840820
  47           "zh" 4943  14111.420898 21463.238281 14682.980469
  48          "swa"    0    0.000000   0.000000   0.000000
