   1           "mj"   90  57682.949219
   2           "pb"   90  62295.972656
   3   "pavel_rada"   90  33900.984375
   4 "otomar_nemecek"   90  37412.968750
   5      "dvorsky"   90  39041.972656
   6 "martin_jiricek"   90  33287.968750
   7    "kounovsky"   90  31793.978516
   8       "vaclav"   90  36002.980469
   9        "tomas"   90  33682.957031
  10        "cerny"   90  64295.972656
  11        "smola"   90  26474.978516
  12        "fejgl"   90  27208.964844
  13        "kasal"   90  48582.976563
  14       "blazek"   90  51993.972656
  15 "frantisek_vlas"   90  39192.972656
  16      "nozicka"   90  40109.972656
  17     "motejlek"   90  59098.972656
  18 "martin_paroubek"  101  48157.972656
  19          "jan"   90  32215.980469
  20        "david"   90  32395.974609
  21          "mak"   90  63713.953125
  22          "mar"   91  58815.972656
  23         "mpch"   90  56948.976563
  24          "mfd"   90  80354.968750
  25          "mfl"   90  52031.960938
  26          "mjb"   91  51177.960938
  27          "mjl"   93  57113.976563
  28          "mjs"   90  64454.972656
  29          "mjt"   90  50864.976563
  30          "mkk"   90  75332.968750
  31          "mms"   89  46705.980469
  32          "mos"   90  57065.972656
  33          "mpm"   90  60392.964844
  34          "mpn"   90  77162.937500
  35          "mps"   90  66389.960938
  36          "mpz"   90  55841.976563
  37         "mps2"   90  56960.976563
  38          "mvl"   90  46018.968750
  39          "mzs"   90  73016.953125
  40         "mvl2"   92  59210.964844
  41      "polacek"   90  71610.968750
  42          "zab"   90  75743.984375
  43          "zas"   90  54749.976563
  44          "zbs"   90  65534.980469
  45          "zhl"   90  70040.968750
  46          "zhn"   90  46871.964844
  47          "zht"   90  60470.972656
  48          "zil"   88  60075.976563
  49          "zjh"   90  58616.980469
  50          "zjs"   90  51248.964844
  51          "zkc"   91  51273.972656
  52          "zkk"   90  57035.976563
  53          "zkn"   91  47281.972656
  54          "zkv"   90  68110.976563
  55          "zlg"   90  49289.968750
  56          "zlj"   90  77429.976563
  57          "zlk"   90  71771.968750
  58          "zlr"   90  55256.980469
  59          "zls"   90  68243.976563
  60          "zlt"   90  58004.972656
  61          "zmd"   90  61748.980469
  62          "zmh"   90  67382.976563
  63          "zmn"   90  70517.960938
  64          "zmt"   90  55829.976563
  65          "znm"   91  87495.976563
  66          "zrh"   90  71315.968750
  67          "zss"   90  49859.976563
  68          "ztk"   89  62839.980469
  69          "ztv"   88  52293.976563
  70  "michal_rott"   88  40029.960938
  71     "jan_hybs"   92  46759.957031
  72        "trnka"   90  40785.976563
  73 "martin_beranek"   87  38702.972656
  74      "safarik"   90  48739.976563
  75      "foldyna"   90  61136.945313
  76 "radek_safarik"   90  40434.960938
  77       "vratny"   90  57469.988281
  78    "svarovsky"   90  61343.960938
  79  "jan_kanajlo"   90  66352.976563
  80        "dutka"   90  53322.964844
  81   "ales_russe"   91  42642.972656
  82 "lukas_mateju"   91  31899.974609
  83        "vacek"   90  44891.953125
  84        "horky"   90  60902.976563
  85        "kolar"   90  57059.976563
  86       "breuer"   90  51769.960938
  87        "kovar"   90  41658.968750
  88      "linhart"   90  59159.976563
  89         "zkv2"   90  51173.972656
  90       "halada"   90  73912.960938
  91 "martin_kaiser"   90  41980.980469
  92  "zdenek_kybl"   90  33170.980469
  93      "chmelik"   90  55849.968750
  94         "zls2"   90  61757.976563
  95         "zss2"   90  50069.976563
