   1            "a" 38377  76164.804688 101651.085938 92966.640625
   2            "b" 9294  19043.460938 28028.574219 23390.685547
   3            "d" 17140  34220.921875 39850.000000 30201.349609
   4            "e" 55694  112520.609375 86337.664063 96523.468750
   5            "f" 3989  9953.795898 14905.628906 10398.899414
   6            "g" 2526  5177.117676 6404.417969 7262.408691
   7            "h" 7446  14310.995117 17167.765625 15997.775391
   8            "i" 35374  77684.296875 59780.082031 74060.078125
   9            "k" 19717  62502.089844 55634.195313 49426.175781
  10            "l" 24774  48016.902344 50364.953125 51496.050781
  11            "m" 18939  38344.945313 58857.796875 44311.390625
  12            "n" 25185  48736.089844 59152.054688 46275.496094
  13            "o" 45258  81147.039063 94262.015625 81810.531250
  14            "p" 19114  63583.785156 50054.753906 36759.945313
  15            "r" 19433  37314.144531 31821.400391 32593.998047
  16            "s" 26908  76839.296875 95414.976563 130970.328125
  17            "t" 27407  85783.875000 80192.171875 50686.652344
  18            "u" 17895  48640.679688 44487.492188 40508.984375
  19            "v" 21472  38335.902344 36004.515625 38418.058594
  20            "x" 5484  13343.753906 19802.130859 21661.837891
  21            "y" 16069  31798.474609 37876.218750 35921.800781
  22            "z" 10611  28247.923828 37041.992188 32205.582031
  23           "aa" 12886  42493.515625 85348.625000 48930.828125
  24           "ch" 5709  27261.656250 20981.335938 26361.533203
  25           "dg"  232  1356.734985 823.534790 749.538147
  26           "dj" 3597  11156.273438 11728.700195 10003.190430
  27           "dz"  284  887.180542 1067.772827 984.713928
  28           "ee" 6604  16216.529297 34725.453125 19887.855469
  29           "ii" 22811  66250.515625 72886.539063 59323.378906
  30           "n0"    0    0.000000   0.000000   0.000000
  31           "n1"    0    0.000000   0.000000   0.000000
  32           "n2"    0    0.000000   0.000000   0.000000
  33           "n3"    0    0.000000   0.000000   0.000000
  34           "n4"    0    0.000000   0.000000   0.000000
  35           "n5"    0    0.000000   0.000000   0.000000
  36           "mg"  172  513.284485 583.534424 433.483734
  37           "ng"  692  3016.023193 1694.368286 1630.193237
  38           "nj" 12506  35528.734375 35706.734375 35633.636719
  39           "oo"  267  1229.770264 1930.455688 879.227600
  40           "rs" 3762  11068.109375 13801.756836 10037.759766
  41           "rz" 2991  8125.612793 10720.912109 8284.329102
  42           "sh" 6112  19951.664063 30537.041016 22069.949219
  43           "si" 34432  424100.812500 317016.500000 723562.937500
  44           "tj" 5250  23229.949219 18323.011719 9662.958008
  45           "ts" 8667  35507.945313 36875.101563 32128.810547
  46           "uu" 3902  12753.811523 19493.902344 12496.764648
  47           "zh" 4943  13569.898438 15877.658203 19708.615234
  48          "swa"    0    0.000000   0.000000   0.000000
