   1            "a" 38377  85665.781250 104393.179688 78968.312500
   2            "b" 9294  31520.386719 19402.326172 19912.083984
   3            "d" 17140  32690.251953 27271.238281 43332.519531
   4            "e" 55694  101654.117188 109123.070313 87850.445313
   5            "f" 3989  10045.205078 15352.058594 9449.668945
   6            "g" 2526  5714.513184 5595.095215 7152.397461
   7            "h" 7446  14581.875000 17607.531250 16496.113281
   8            "i" 35374  62263.308594 82974.734375 67109.390625
   9            "k" 19717  60987.121094 41549.281250 60118.304688
  10            "l" 24774  47528.804688 55859.804688 49741.953125
  11            "m" 18939  37009.984375 61985.230469 42717.585938
  12            "n" 25185  46650.023438 53543.195313 53877.195313
  13            "o" 45258  83793.500000 93207.210938 85697.265625
  14            "p" 19114  74143.148438 43038.718750 37398.847656
  15            "r" 19433  37222.785156 35597.929688 32292.970703
  16            "s" 26908  89177.507813 129676.632813 81673.007813
  17            "t" 27407  82642.195313 60948.984375 71964.195313
  18            "u" 17895  37278.570313 56890.671875 43096.414063
  19            "v" 21472  38205.882813 39002.953125 38694.074219
  20            "x" 5484  12814.723633 23026.755859 16436.304688
  21            "y" 16069  30408.349609 28839.748047 48428.890625
  22            "z" 10611  26478.894531 41761.503906 27076.539063
  23           "aa" 12886  44492.468750 80267.195313 52971.589844
  24           "ch" 5709  26474.662109 27049.777344 20839.326172
  25           "dg"  232  1216.298828 1026.529419 734.488647
  26           "dj" 3597  10782.597656 10929.800781 10585.394531
  27           "dz"  284  923.485901 1165.627075 850.745789
  28           "ee" 6604  17375.013672 33504.003906 21743.365234
  29           "ii" 22811  54187.945313 90948.632813 58453.714844
  30           "n0"    0    0.000000   0.000000   0.000000
  31           "n1"    0    0.000000   0.000000   0.000000
  32           "n2"    0    0.000000   0.000000   0.000000
  33           "n3"    0    0.000000   0.000000   0.000000
  34           "n4"    0    0.000000   0.000000   0.000000
  35           "n5"    0    0.000000   0.000000   0.000000
  36           "mg"  172  485.004852 617.463867 407.325195
  37           "ng"  692  1882.190552 2450.917725 1757.352905
  38           "nj" 12506  39019.710938 27110.193359 31417.160156
  39           "oo"  267  1101.692871 1933.651123 1136.215698
  40           "rs" 3762  12779.064453 13542.332031 7865.994141
  41           "rz" 2991  8716.428711 11161.976563 6323.776367
  42           "sh" 6112  21237.929688 31273.115234 18635.769531
  43           "si" 34432  682214.625000 278090.687500 496508.187500
  44           "tj" 5250  23279.941406 17995.003906 8844.133789
  45           "ts" 8667  40590.175781 34980.781250 28584.486328
  46           "uu" 3902  12082.125000 20726.662109 13342.253906
  47           "zh" 4943  14368.307617 21559.929688 12705.875000
  48          "swa"    0    0.000000   0.000000   0.000000
