   1            "a" 38377  90143.664063 104633.445313 82949.656250
   2            "b" 9294  30925.949219 19575.158203 19145.193359
   3            "d" 17140  33189.351563 27134.927734 41671.621094
   4            "e" 55694  100599.468750 112418.007813 93050.218750
   5            "f" 3989  10011.692383 15313.942383 9810.882813
   6            "g" 2526  5572.529785 6021.836426 7343.126953
   7            "h" 7446  14353.275391 17831.886719 16927.703125
   8            "i" 35374  62925.984375 84048.414063 69727.781250
   9            "k" 19717  61432.460938 40982.761719 61078.691406
  10            "l" 24774  46777.039063 58051.546875 48917.953125
  11            "m" 18939  35560.773438 61903.410156 42045.597656
  12            "n" 25185  47026.851563 53903.171875 51175.515625
  13            "o" 45258  82954.312500 96150.359375 86382.703125
  14            "p" 19114  77197.187500 39731.992188 37399.765625
  15            "r" 19433  37445.660156 36004.582031 31585.574219
  16            "s" 26908  87906.187500 131745.562500 82909.414063
  17            "t" 27407  83261.718750 59403.792969 71026.515625
  18            "u" 17895  38265.617188 57288.683594 43871.019531
  19            "v" 21472  38369.222656 39138.851563 37580.878906
  20            "x" 5484  12394.807617 23640.248047 15906.440430
  21            "y" 16069  30742.820313 27549.173828 49665.117188
  22            "z" 10611  26735.246094 42609.710938 25859.933594
  23           "aa" 12886  44775.433594 80860.359375 53436.906250
  24           "ch" 5709  26080.220703 27313.345703 20366.966797
  25           "dg"  232  1274.830078 1057.078247 732.101807
  26           "dj" 3597  11174.408203 11328.676758 9537.571289
  27           "dz"  284  879.386536 1193.470703 854.761536
  28           "ee" 6604  17048.638672 33785.933594 22001.025391
  29           "ii" 22811  51486.988281 92528.796875 60422.945313
  30           "n0"    0    0.000000   0.000000   0.000000
  31           "n1"    0    0.000000   0.000000   0.000000
  32           "n2"    0    0.000000   0.000000   0.000000
  33           "n3"    0    0.000000   0.000000   0.000000
  34           "n4"    0    0.000000   0.000000   0.000000
  35           "n5"    0    0.000000   0.000000   0.000000
  36           "mg"  172  446.295959 663.072083 379.075439
  37           "ng"  692  1850.545898 2417.646729 1823.713257
  38           "nj" 12506  38909.746094 27886.156250 29979.265625
  39           "oo"  267  1168.369385 1917.868042 1117.454224
  40           "rs" 3762  13027.772461 14254.554688 6696.982422
  41           "rz" 2991  9184.750977 11086.806641 6136.773438
  42           "sh" 6112  19837.132813 31520.703125 19451.750000
  43           "si" 34432  708378.500000 266158.406250 461949.125000
  44           "tj" 5250  22955.548828 18509.701172 8539.817383
  45           "ts" 8667  39330.675781 35971.199219 27890.855469
  46           "uu" 3902  12306.886719 20886.912109 13408.906250
  47           "zh" 4943  14465.030273 21735.968750 12632.315430
  48          "swa"    0    0.000000   0.000000   0.000000
