   1           "mj"   46  27932.955078
   2           "pb"   46  31839.970703
   3   "pavel_rada"   46  17138.980469
   4 "otomar_nemecek"   46  22512.955078
   5      "dvorsky"   46  22513.962891
   6 "martin_jiricek"   46  18099.955078
   7    "kounovsky"   46  16214.974609
   8       "vaclav"   46  17663.976563
   9        "tomas"   46  16810.947266
  10        "cerny"   46  32126.970703
  11        "smola"   46  13480.972656
  12        "fejgl"   46  13889.938477
  13        "kasal"   46  22786.972656
  14       "blazek"   46  27655.964844
  15 "frantisek_vlas"   46  21661.970703
  16      "nozicka"   46  18874.960938
  17     "motejlek"   46  30005.972656
  18 "martin_paroubek"   51  26021.968750
  19          "jan"   46  17030.972656
  20        "david"   46  17064.964844
  21          "mak"   46  32286.943359
  22          "mar"   46  29805.962891
  23         "mpch"   46  29918.970703
  24          "mfd"   46  41205.960938
  25          "mfl"   46  28182.951172
  26          "mjb"   46  26946.951172
  27          "mjl"   47  30238.970703
  28          "mjs"   46  33966.964844
  29          "mjt"   46  26223.968750
  30          "mkk"   46  38010.949219
  31          "mms"   45  24893.974609
  32          "mos"   46  30315.968750
  33          "mpm"   46  30756.949219
  34          "mpn"   46  40878.917969
  35          "mps"   46  34035.953125
  36          "mpz"   46  29697.968750
  37         "mps2"   46  28926.964844
  38          "mvl"   46  23336.951172
  39          "mzs"   46  35475.945313
  40         "mvl2"   47  31235.949219
  41      "polacek"   46  39023.953125
  42          "zab"   46  39264.976563
  43          "zas"   46  29403.970703
  44          "zbs"   46  33447.976563
  45          "zhl"   46  38990.964844
  46          "zhn"   46  25035.958984
  47          "zht"   46  30360.964844
  48          "zil"   45  31352.966797
  49          "zjh"   46  29454.970703
  50          "zjs"   46  26121.955078
  51          "zkc"   46  26691.968750
  52          "zkk"   46  29322.970703
  53          "zkn"   46  25640.964844
  54          "zkv"   46  32897.972656
  55          "zlg"   46  25022.960938
  56          "zlj"   46  37545.968750
  57          "zlk"   46  36036.960938
  58          "zlr"   46  29154.976563
  59          "zls"   46  35718.968750
  60          "zlt"   46  30183.972656
  61          "zmd"   46  32097.978516
  62          "zmh"   46  34893.976563
  63          "zmn"   46  36252.960938
  64          "zmt"   46  28560.972656
  65          "znm"   46  45771.968750
  66          "zrh"   46  36846.968750
  67          "zss"   46  26883.970703
  68          "ztk"   45  31343.980469
  69          "ztv"   45  27575.972656
  70  "michal_rott"   45  20216.953125
  71     "jan_hybs"   47  24208.953125
  72        "trnka"   46  20524.970703
  73 "martin_beranek"   44  18661.953125
  74      "safarik"   46  23850.968750
  75      "foldyna"   46  33573.937500
  76 "radek_safarik"   46  21423.955078
  77       "vratny"   46  27971.986328
  78    "svarovsky"   46  31596.945313
  79  "jan_kanajlo"   46  34403.968750
  80        "dutka"   46  26306.955078
  81   "ales_russe"   46  22005.960938
  82 "lukas_mateju"   46  17075.972656
  83        "vacek"   46  24123.935547
  84        "horky"   46  30730.970703
  85        "kolar"   46  26018.972656
  86       "breuer"   46  28069.949219
  87        "kovar"   46  21366.964844
  88      "linhart"   46  30086.970703
  89         "zkv2"   46  27738.962891
  90       "halada"   46  37428.953125
  91 "martin_kaiser"   46  22222.980469
  92  "zdenek_kybl"   46  17383.974609
  93      "chmelik"   46  27839.955078
  94         "zls2"   46  31083.964844
  95         "zss2"   46  26757.976563
