   1            "a" 38377  76423.218750 82911.875000 84433.640625
   2            "b" 9294  23704.451172 26410.673828 26199.988281
   3            "d" 17140  38880.042969 39477.464844 32243.402344
   4            "e" 55694  99618.382813 76832.093750 89729.804688
   5            "f" 3989  10450.337891 14645.370117 11677.789063
   6            "g" 2526  6030.575195 6542.644531 7156.549805
   7            "h" 7446  16248.195313 16891.988281 16938.755859
   8            "i" 35374  72280.500000 58690.082031 74087.593750
   9            "k" 19717  66839.296875 56175.371094 52314.125000
  10            "l" 24774  55415.804688 48090.816406 49650.718750
  11            "m" 18939  47818.617188 55394.988281 50893.367188
  12            "n" 25185  56217.382813 59787.972656 51801.097656
  13            "o" 45258  78269.953125 79713.718750 84013.476563
  14            "p" 19114  62772.554688 49353.574219 43164.839844
  15            "r" 19433  37748.035156 36128.046875 33140.621094
  16            "s" 26908  81815.679688 110008.601563 110609.609375
  17            "t" 27407  91075.445313 69884.429688 58922.187500
  18            "u" 17895  51493.351563 38534.933594 43118.320313
  19            "v" 21472  44751.878906 39990.976563 40692.621094
  20            "x" 5484  14610.698242 21333.851563 21661.603516
  21            "y" 16069  34520.742188 34323.613281 36711.656250
  22            "z" 10611  33347.113281 36700.832031 32808.410156
  23           "aa" 12886  41156.421875 75974.687500 48641.570313
  24           "ch" 5709  27086.623047 25443.943359 25870.605469
  25           "dg"  232  1433.607300 950.514038 830.641418
  26           "dj" 3597  12656.515625 11818.495117 10955.817383
  27           "dz"  284  1024.515991 1055.322510 1059.380981
  28           "ee" 6604  17671.078125 29502.220703 20817.683594
  29           "ii" 22811  72387.000000 63027.433594 60311.179688
  30           "n0"    0    0.000000   0.000000   0.000000
  31           "n1"    0    0.000000   0.000000   0.000000
  32           "n2"    0    0.000000   0.000000   0.000000
  33           "n3"    0    0.000000   0.000000   0.000000
  34           "n4"    0    0.000000   0.000000   0.000000
  35           "n5"    0    0.000000   0.000000   0.000000
  36           "mg"  172  581.455933 581.627686 502.374329
  37           "ng"  692  2939.142578 2056.794189 1828.626099
  38           "nj" 12506  40499.511719 35018.980469 38651.078125
  39           "oo"  267  1234.783447 1797.568970 953.845398
  40           "rs" 3762  13155.504883 13248.792969 10097.969727
  41           "rz" 2991  9862.769531 10697.019531 9248.204102
  42           "sh" 6112  22884.781250 30644.884766 22220.765625
  43           "si" 34432  448076.093750 335186.000000 655646.812500
  44           "tj" 5250  22711.804688 18117.435547 12373.897461
  45           "ts" 8667  36477.000000 38011.003906 31446.304688
  46           "uu" 3902  14491.535156 17615.955078 14356.856445
  47           "zh" 4943  16457.349609 18317.820313 19782.978516
  48          "swa"    0    0.000000   0.000000   0.000000
