   1            "a" 38377  76799.929688 103241.156250 92473.750000
   2            "b" 9294  18995.621094 27983.205078 23307.806641
   3            "d" 17140  33915.988281 39383.867188 30373.064453
   4            "e" 55694  114105.117188 86610.726563 96775.203125
   5            "f" 3989  9957.527344 14834.113281 10101.670898
   6            "g" 2526  5168.275879 6522.489258 7191.351563
   7            "h" 7446  14405.347656 16951.730469 16059.326172
   8            "i" 35374  78239.234375 60088.515625 73866.953125
   9            "k" 19717  62425.011719 55291.199219 49186.679688
  10            "l" 24774  47925.648438 51268.152344 51044.722656
  11            "m" 18939  38050.605469 58974.347656 44119.882813
  12            "n" 25185  48602.058594 58928.882813 46334.613281
  13            "o" 45258  81416.007813 94959.117188 81860.195313
  14            "p" 19114  63580.925781 50282.242188 36348.457031
  15            "r" 19433  37456.863281 31572.726563 32691.113281
  16            "s" 26908  76751.351563 96485.898438 129734.828125
  17            "t" 27407  85685.296875 79739.875000 50511.707031
  18            "u" 17895  49140.175781 44585.910156 40477.933594
  19            "v" 21472  37884.402344 35849.417969 37837.140625
  20            "x" 5484  13401.344727 19791.490234 21674.656250
  21            "y" 16069  31639.609375 37989.066406 36086.207031
  22            "z" 10611  27872.876953 36685.031250 32336.740234
  23           "aa" 12886  43138.765625 85187.328125 48992.031250
  24           "ch" 5709  27215.027344 20695.798828 26453.240234
  25           "dg"  232  1351.607666 823.472412 744.734070
  26           "dj" 3597  11124.002930 11652.696289 10002.524414
  27           "dz"  284  880.804932 1068.564575 969.304138
  28           "ee" 6604  16207.062500 34805.539063 20134.607422
  29           "ii" 22811  65912.195313 72945.523438 59263.097656
  30           "n0"    0    0.000000   0.000000   0.000000
  31           "n1"    0    0.000000   0.000000   0.000000
  32           "n2"    0    0.000000   0.000000   0.000000
  33           "n3"    0    0.000000   0.000000   0.000000
  34           "n4"    0    0.000000   0.000000   0.000000
  35           "n5"    0    0.000000   0.000000   0.000000
  36           "mg"  172  510.233704 592.883545 431.477753
  37           "ng"  692  3018.784668 1685.400635 1630.880615
  38           "nj" 12506  35049.746094 35946.710938 35622.675781
  39           "oo"  267  1235.490723 1929.433228 885.110413
  40           "rs" 3762  10960.814453 13880.914063 9983.971680
  41           "rz" 2991  8120.619141 10748.323242 8256.367188
  42           "sh" 6112  19911.507813 30369.806641 22063.328125
  43           "si" 34432  424000.312500 312061.250000 728307.687500
  44           "tj" 5250  23262.056641 18290.914063 9626.326172
  45           "ts" 8667  35075.667969 36516.425781 32531.269531
  46           "uu" 3902  12646.611328 19654.787109 12516.965820
  47           "zh" 4943  13586.939453 15723.840820 19733.619141
  48          "swa"    0    0.000000   0.000000   0.000000
