   1            "a" 38377  78834.882813 85462.179688 82761.562500
   2            "b" 9294  32338.222656 21765.427734 21518.109375
   3            "d" 17140  35895.152344 36606.132813 37468.972656
   4            "e" 55694  86161.671875 94127.546875 90268.585938
   5            "f" 3989  10366.628906 14925.292969 11339.018555
   6            "g" 2526  6822.009277 5457.719727 6961.451172
   7            "h" 7446  16162.316406 16528.580078 16779.568359
   8            "i" 35374  62096.351563 69483.406250 76691.265625
   9            "k" 19717  60903.777344 49441.816406 66239.101563
  10            "l" 24774  53764.191406 48611.886719 48315.140625
  11            "m" 18939  48028.718750 57463.804688 47187.074219
  12            "n" 25185  52643.566406 55857.113281 56716.410156
  13            "o" 45258  77969.234375 80815.585938 83058.218750
  14            "p" 19114  69022.515625 45698.726563 42455.660156
  15            "r" 19433  37140.683594 35908.125000 34690.148438
  16            "s" 26908  92164.656250 124248.000000 88552.664063
  17            "t" 27407  77547.281250 61072.031250 78839.054688
  18            "u" 17895  43461.921875 46175.160156 46435.046875
  19            "v" 21472  44057.921875 39793.414063 40536.417969
  20            "x" 5484  15453.470703 22828.972656 18282.759766
  21            "y" 16069  33138.617188 34107.105469 38474.855469
  22            "z" 10611  33228.875000 36915.414063 31144.332031
  23           "aa" 12886  41131.386719 77345.882813 48430.332031
  24           "ch" 5709  27764.753906 28888.250000 20734.599609
  25           "dg"  232  1272.105225 1048.962036 902.292114
  26           "dj" 3597  12096.289063 11894.166992 10788.053711
  27           "dz"  284  1006.485718 1088.606567 1021.906921
  28           "ee" 6604  16842.154297 30526.021484 21604.359375
  29           "ii" 22811  61973.218750 75928.664063 60814.804688
  30           "n0"    0    0.000000   0.000000   0.000000
  31           "n1"    0    0.000000   0.000000   0.000000
  32           "n2"    0    0.000000   0.000000   0.000000
  33           "n3"    0    0.000000   0.000000   0.000000
  34           "n4"    0    0.000000   0.000000   0.000000
  35           "n5"    0    0.000000   0.000000   0.000000
  36           "mg"  172  542.202148 554.800232 491.665344
  37           "ng"  692  2355.267822 2198.903809 1878.571533
  38           "nj" 12506  43797.062500 32911.734375 37425.230469
  39           "oo"  267  1078.194824 1726.860107 1220.494263
  40           "rs" 3762  14291.196289 12564.130859 9699.214844
  41           "rz" 2991  9557.591797 9742.169922 9525.764648
  42           "sh" 6112  22736.199219 31083.417969 20738.275391
  43           "si" 34432  690498.312500 409523.875000 334404.468750
  44           "tj" 5250  21660.082031 18476.105469 12154.492188
  45           "ts" 8667  38740.414063 38210.574219 29148.804688
  46           "uu" 3902  14452.032227 18263.076172 14209.177734
  47           "zh" 4943  17685.470703 19772.835938 16047.308594
  48          "swa"    0    0.000000   0.000000   0.000000
