   1           "mj"   46  27933.000000
   2           "pb"   46  31840.000000
   3   "pavel_rada"   46  17139.000000
   4 "otomar_nemecek"   46  22513.000000
   5      "dvorsky"   46  22514.000000
   6 "martin_jiricek"   46  18100.000000
   7    "kounovsky"   46  16215.000000
   8       "vaclav"   46  17664.000000
   9        "tomas"   46  16811.000000
  10        "cerny"   46  32127.000000
  11        "smola"   46  13481.000000
  12        "fejgl"   46  13890.000000
  13        "kasal"   46  22787.000000
  14       "blazek"   46  27656.000000
  15 "frantisek_vlas"   46  21661.998047
  16      "nozicka"   46  18875.000000
  17     "motejlek"   46  30006.000000
  18 "martin_paroubek"   51  26022.000000
  19          "jan"   46  17031.000000
  20        "david"   46  17065.000000
  21          "mak"   46  32287.000000
  22          "mar"   46  29806.000000
  23         "mpch"   46  29919.000000
  24          "mfd"   46  41206.000000
  25          "mfl"   46  28183.000000
  26          "mjb"   46  26947.000000
  27          "mjl"   47  30238.998047
  28          "mjs"   46  33967.000000
  29          "mjt"   46  26224.000000
  30          "mkk"   46  38011.000000
  31          "mms"   45  24894.000000
  32          "mos"   46  30316.000000
  33          "mpm"   46  30756.998047
  34          "mpn"   46  40879.000000
  35          "mps"   46  34036.000000
  36          "mpz"   46  29698.000000
  37         "mps2"   46  28927.000000
  38          "mvl"   46  23337.000000
  39          "mzs"   46  35476.000000
  40         "mvl2"   47  31236.000000
  41      "polacek"   46  39024.000000
  42          "zab"   46  39265.000000
  43          "zas"   46  29404.000000
  44          "zbs"   46  33448.000000
  45          "zhl"   46  38991.000000
  46          "zhn"   46  25036.000000
  47          "zht"   46  30361.000000
  48          "zil"   45  31353.000000
  49          "zjh"   46  29455.000000
  50          "zjs"   46  26122.000000
  51          "zkc"   46  26692.000000
  52          "zkk"   46  29323.000000
  53          "zkn"   46  25641.000000
  54          "zkv"   46  32898.000000
  55          "zlg"   46  25022.998047
  56          "zlj"   46  37546.000000
  57          "zlk"   46  36037.000000
  58          "zlr"   46  29155.000000
  59          "zls"   46  35719.000000
  60          "zlt"   46  30184.000000
  61          "zmd"   46  32098.000000
  62          "zmh"   46  34894.000000
  63          "zmn"   46  36252.996094
  64          "zmt"   46  28561.000000
  65          "znm"   46  45772.000000
  66          "zrh"   46  36847.000000
  67          "zss"   46  26884.000000
  68          "ztk"   45  31344.000000
  69          "ztv"   45  27576.000000
  70  "michal_rott"   45  20217.000000
  71     "jan_hybs"   47  24209.000000
  72        "trnka"   46  20525.000000
  73 "martin_beranek"   44  18662.000000
  74      "safarik"   46  23851.000000
  75      "foldyna"   46  33574.000000
  76 "radek_safarik"   46  21424.000000
  77       "vratny"   46  27972.000000
  78    "svarovsky"   46  31597.000000
  79  "jan_kanajlo"   46  34404.000000
  80        "dutka"   46  26307.000000
  81   "ales_russe"   46  22005.998047
  82 "lukas_mateju"   46  17076.000000
  83        "vacek"   46  24124.000000
  84        "horky"   46  30731.000000
  85        "kolar"   46  26019.000000
  86       "breuer"   46  28070.000000
  87        "kovar"   46  21367.000000
  88      "linhart"   46  30087.000000
  89         "zkv2"   46  27739.000000
  90       "halada"   46  37429.000000
  91 "martin_kaiser"   46  22223.000000
  92  "zdenek_kybl"   46  17383.998047
  93      "chmelik"   46  27839.998047
  94         "zls2"   46  31084.000000
  95         "zss2"   46  26758.000000
