   1            "a" 38377  77600.671875 89807.382813 89426.890625
   2            "b" 9294  21676.832031 27118.798828 24306.216797
   3            "d" 17140  36613.277344 40457.312500 30460.464844
   4            "e" 55694  102582.281250 82153.523438 96089.750000
   5            "f" 3989  9977.086914 14900.435547 10951.964844
   6            "g" 2526  5238.678223 6099.963867 7557.645020
   7            "h" 7446  15356.302734 16706.939453 16427.164063
   8            "i" 35374  74728.984375 59631.761719 74019.039063
   9            "k" 19717  65983.125000 55918.355469 47894.335938
  10            "l" 24774  51741.203125 49073.640625 50189.121094
  11            "m" 18939  44098.855469 57582.507813 45282.378906
  12            "n" 25185  50663.546875 62189.019531 46806.085938
  13            "o" 45258  79724.226563 85484.085938 83969.914063
  14            "p" 19114  62693.281250 49144.730469 40828.937500
  15            "r" 19433  37399.109375 33848.992188 33319.277344
  16            "s" 26908  76733.906250 103888.437500 122734.781250
  17            "t" 27407  89872.609375 77192.273438 52471.300781
  18            "u" 17895  50890.054688 41100.675781 40768.441406
  19            "v" 21472  43143.250000 36799.144531 40296.863281
  20            "x" 5484  13545.506836 19953.570313 22085.042969
  21            "y" 16069  32836.285156 35383.207031 37605.812500
  22            "z" 10611  30171.015625 37260.675781 32379.888672
  23           "aa" 12886  40863.011719 82085.515625 49407.035156
  24           "ch" 5709  26579.136719 23276.482422 26342.281250
  25           "dg"  232  1354.074219 878.951111 766.879639
  26           "dj" 3597  11936.384766 11311.407227 10578.153320
  27           "dz"  284  972.552429 1027.936646 1011.675598
  28           "ee" 6604  16803.015625 32287.267578 20805.123047
  29           "ii" 22811  71450.320313 68480.585938 59444.671875
  30           "n0"    0    0.000000   0.000000   0.000000
  31           "n1"    0    0.000000   0.000000   0.000000
  32           "n2"    0    0.000000   0.000000   0.000000
  33           "n3"    0    0.000000   0.000000   0.000000
  34           "n4"    0    0.000000   0.000000   0.000000
  35           "n5"    0    0.000000   0.000000   0.000000
  36           "mg"  172  548.526978 571.715576 481.580566
  37           "ng"  692  2955.081543 1860.739868 1668.337036
  38           "nj" 12506  39457.539063 33347.492188 37311.390625
  39           "oo"  267  1223.771729 1905.088501 863.079163
  40           "rs" 3762  11972.915039 13836.937500 9677.501953
  41           "rz" 2991  8813.619141 10588.906250 8683.517578
  42           "sh" 6112  21422.794922 31480.789063 20869.835938
  43           "si" 34432  450654.281250 328748.500000 675221.375000
  44           "tj" 5250  23780.587891 17703.839844 10679.980469
  45           "ts" 8667  37151.210938 36635.914063 32292.250000
  46           "uu" 3902  13185.947266 18374.394531 13749.410156
  47           "zh" 4943  14747.098633 17233.736328 19527.238281
  48          "swa"    0    0.000000   0.000000   0.000000
