   1           "mj"   23  14286.958008
   2           "pb"   23  15349.975586
   3   "pavel_rada"   23  8699.987305
   4 "otomar_nemecek"   23  11218.975586
   5      "dvorsky"   23  12469.974609
   6 "martin_jiricek"   23  9277.970703
   7    "kounovsky"   23  8311.981445
   8       "vaclav"   23  8419.985352
   9        "tomas"   23  8065.961914
  10        "cerny"   23  15786.975586
  11        "smola"   23  6622.979004
  12        "fejgl"   23  6451.966797
  13        "kasal"   23  10721.983398
  14       "blazek"   23  14345.974609
  15 "frantisek_vlas"   23  11439.977539
  16      "nozicka"   23  8945.982422
  17     "motejlek"   23  14844.979492
  18 "martin_paroubek"   26  12638.978516
  19          "jan"   23  8847.984375
  20        "david"   23  8473.975586
  21          "mak"   23  15760.958008
  22          "mar"   23  14695.981445
  23         "mpch"   23  14795.979492
  24          "mfd"   23  19564.970703
  25          "mfl"   23  14098.964844
  26          "mjb"   23  13363.966797
  27          "mjl"   24  15728.976563
  28          "mjs"   23  17323.976563
  29          "mjt"   23  13870.979492
  30          "mkk"   23  17875.972656
  31          "mms"   23  12739.983398
  32          "mos"   23  15610.979492
  33          "mpm"   23  15416.963867
  34          "mpn"   23  20422.937500
  35          "mps"   23  16687.966797
  36          "mpz"   23  15316.975586
  37         "mps2"   23  14281.978516
  38          "mvl"   23  11704.969727
  39          "mzs"   23  17821.962891
  40         "mvl2"   24  15959.965820
  41      "polacek"   23  19833.972656
  42          "zab"   23  19222.984375
  43          "zas"   23  14953.980469
  44          "zbs"   23  17182.982422
  45          "zhl"   23  19107.972656
  46          "zhn"   23  12994.968750
  47          "zht"   23  15202.977539
  48          "zil"   23  15532.978516
  49          "zjh"   23  15031.977539
  50          "zjs"   23  12913.970703
  51          "zkc"   23  13600.975586
  52          "zkk"   23  14251.980469
  53          "zkn"   23  12944.979492
  54          "zkv"   23  16321.979492
  55          "zlg"   23  12433.975586
  56          "zlj"   23  18652.974609
  57          "zlk"   23  18055.976563
  58          "zlr"   23  14593.981445
  59          "zls"   23  18064.978516
  60          "zlt"   23  14920.974609
  61          "zmd"   23  16060.982422
  62          "zmh"   23  17089.980469
  63          "zmn"   23  18142.972656
  64          "zmt"   23  14275.980469
  65          "znm"   23  22483.982422
  66          "zrh"   23  17932.972656
  67          "zss"   23  13624.979492
  68          "ztk"   23  15787.981445
  69          "ztv"   23  13534.978516
  70  "michal_rott"   23  10174.964844
  71     "jan_hybs"   24  13243.964844
  72        "trnka"   23  10374.978516
  73 "martin_beranek"   22  9441.971680
  74      "safarik"   23  12214.975586
  75      "foldyna"   23  16955.951172
  76 "radek_safarik"   23  10975.959961
  77       "vratny"   23  14164.989258
  78    "svarovsky"   23  15416.968750
  79  "jan_kanajlo"   23  17354.980469
  80        "dutka"   23  12689.964844
  81   "ales_russe"   23  10969.975586
  82 "lukas_mateju"   23  8875.979492
  83        "vacek"   23  12470.950195
  84        "horky"   23  14241.975586
  85        "kolar"   23  12112.976563
  86       "breuer"   23  14933.964844
  87        "kovar"   23  10368.974609
  88      "linhart"   23  15006.979492
  89         "zkv2"   23  13663.976563
  90       "halada"   23  18199.972656
  91 "martin_kaiser"   23  11044.985352
  92  "zdenek_kybl"   23  8751.979492
  93      "chmelik"   23  13401.969727
  94         "zls2"   23  15106.976563
  95         "zss2"   23  14158.979492
