   1            "a" 38377  77300.093750 89431.523438 89098.914063
   2            "b" 9294  21775.806641 27115.087891 24484.957031
   3            "d" 17140  36897.183594 40242.054688 30623.349609
   4            "e" 55694  102363.796875 82104.398438 95627.398438
   5            "f" 3989  9988.407227 14999.721680 10944.699219
   6            "g" 2526  5289.844238 6130.543945 7539.307617
   7            "h" 7446  15281.241211 16740.902344 16403.605469
   8            "i" 35374  74693.656250 59802.843750 74251.257813
   9            "k" 19717  66375.648438 55855.140625 47935.691406
  10            "l" 24774  51756.320313 49104.953125 49998.144531
  11            "m" 18939  44292.394531 57806.003906 45281.320313
  12            "n" 25185  51080.070313 62240.222656 46829.433594
  13            "o" 45258  79034.093750 85297.421875 83866.679688
  14            "p" 19114  62997.378906 48840.824219 41238.671875
  15            "r" 19433  37358.949219 34164.273438 33243.773438
  16            "s" 26908  76479.656250 105304.015625 121824.976563
  17            "t" 27407  90183.867188 76605.531250 53265.773438
  18            "u" 17895  51165.746094 40842.710938 40499.230469
  19            "v" 21472  43417.160156 36949.097656 40369.277344
  20            "x" 5484  13470.773438 20066.033203 22047.224609
  21            "y" 16069  32776.074219 35549.726563 37490.878906
  22            "z" 10611  30331.408203 37232.257813 32472.250000
  23           "aa" 12886  40776.078125 81805.585938 49381.957031
  24           "ch" 5709  26438.242188 23595.087891 26287.750000
  25           "dg"  232  1356.900513 892.431641 762.379822
  26           "dj" 3597  12041.999023 11294.155273 10579.945313
  27           "dz"  284  981.071350 1026.043335 1015.771912
  28           "ee" 6604  16780.183594 32269.058594 20869.357422
  29           "ii" 22811  71936.203125 68264.640625 59337.191406
  30           "n0"    0    0.000000   0.000000   0.000000
  31           "n1"    0    0.000000   0.000000   0.000000
  32           "n2"    0    0.000000   0.000000   0.000000
  33           "n3"    0    0.000000   0.000000   0.000000
  34           "n4"    0    0.000000   0.000000   0.000000
  35           "n5"    0    0.000000   0.000000   0.000000
  36           "mg"  172  549.908875 570.589294 483.588989
  37           "ng"  692  2934.801270 1885.281128 1669.707153
  38           "nj" 12506  39573.410156 33396.835938 37310.394531
  39           "oo"  267  1224.793213 1899.415894 863.164551
  40           "rs" 3762  12014.770508 13845.417969 9728.533203
  41           "rz" 2991  8833.750977 10578.897461 8700.254883
  42           "sh" 6112  21410.978516 31645.865234 20808.271484
  43           "si" 34432  450698.312500 324588.562500 677254.625000
  44           "tj" 5250  23741.906250 17764.822266 10806.144531
  45           "ts" 8667  37006.644531 36920.265625 32168.857422
  46           "uu" 3902  13161.294922 18334.798828 13770.016602
  47           "zh" 4943  14853.545898 17451.693359 19430.898438
  48          "swa"    0    0.000000   0.000000   0.000000
