   1           "mj"   46  27933.000000
   2           "pb"   46  31840.000000
   3   "pavel_rada"   46  17139.000000
   4 "otomar_nemecek"   46  22512.998047
   5      "dvorsky"   46  22514.000000
   6 "martin_jiricek"   46  18100.000000
   7    "kounovsky"   46  16214.999023
   8       "vaclav"   46  17663.998047
   9        "tomas"   46  16810.998047
  10        "cerny"   46  32127.000000
  11        "smola"   46  13480.998047
  12        "fejgl"   46  13890.000000
  13        "kasal"   46  22786.998047
  14       "blazek"   46  27656.000000
  15 "frantisek_vlas"   46  21661.994141
  16      "nozicka"   46  18874.998047
  17     "motejlek"   46  30006.000000
  18 "martin_paroubek"   51  26022.000000
  19          "jan"   46  17030.998047
  20        "david"   46  17064.998047
  21          "mak"   46  32287.000000
  22          "mar"   46  29805.998047
  23         "mpch"   46  29918.998047
  24          "mfd"   46  41206.000000
  25          "mfl"   46  28182.998047
  26          "mjb"   46  26946.998047
  27          "mjl"   47  30239.000000
  28          "mjs"   46  33967.000000
  29          "mjt"   46  26224.000000
  30          "mkk"   46  38011.000000
  31          "mms"   45  24894.000000
  32          "mos"   46  30315.998047
  33          "mpm"   46  30756.998047
  34          "mpn"   46  40878.996094
  35          "mps"   46  34036.000000
  36          "mpz"   46  29698.000000
  37         "mps2"   46  28926.998047
  38          "mvl"   46  23336.998047
  39          "mzs"   46  35476.000000
  40         "mvl2"   47  31235.998047
  41      "polacek"   46  39024.000000
  42          "zab"   46  39264.996094
  43          "zas"   46  29403.996094
  44          "zbs"   46  33448.000000
  45          "zhl"   46  38991.000000
  46          "zhn"   46  25035.998047
  47          "zht"   46  30361.000000
  48          "zil"   45  31352.998047
  49          "zjh"   46  29454.998047
  50          "zjs"   46  26122.000000
  51          "zkc"   46  26692.000000
  52          "zkk"   46  29323.000000
  53          "zkn"   46  25641.000000
  54          "zkv"   46  32898.000000
  55          "zlg"   46  25022.998047
  56          "zlj"   46  37546.000000
  57          "zlk"   46  36037.000000
  58          "zlr"   46  29154.998047
  59          "zls"   46  35719.000000
  60          "zlt"   46  30183.996094
  61          "zmd"   46  32097.998047
  62          "zmh"   46  34893.996094
  63          "zmn"   46  36252.996094
  64          "zmt"   46  28560.996094
  65          "znm"   46  45771.996094
  66          "zrh"   46  36847.000000
  67          "zss"   46  26883.998047
  68          "ztk"   45  31343.996094
  69          "ztv"   45  27575.998047
  70  "michal_rott"   45  20216.996094
  71     "jan_hybs"   47  24209.000000
  72        "trnka"   46  20524.998047
  73 "martin_beranek"   44  18661.998047
  74      "safarik"   46  23851.000000
  75      "foldyna"   46  33573.996094
  76 "radek_safarik"   46  21424.000000
  77       "vratny"   46  27972.000000
  78    "svarovsky"   46  31596.998047
  79  "jan_kanajlo"   46  34404.000000
  80        "dutka"   46  26306.998047
  81   "ales_russe"   46  22006.000000
  82 "lukas_mateju"   46  17076.000000
  83        "vacek"   46  24124.000000
  84        "horky"   46  30731.000000
  85        "kolar"   46  26019.000000
  86       "breuer"   46  28070.000000
  87        "kovar"   46  21367.000000
  88      "linhart"   46  30086.998047
  89         "zkv2"   46  27739.000000
  90       "halada"   46  37429.000000
  91 "martin_kaiser"   46  22222.998047
  92  "zdenek_kybl"   46  17384.000000
  93      "chmelik"   46  27839.998047
  94         "zls2"   46  31083.998047
  95         "zss2"   46  26758.000000
