   1            "a" 38377  78819.835938 85502.921875 82496.320313
   2            "b" 9294  32417.085938 21729.931641 21590.687500
   3            "d" 17140  35989.546875 36484.863281 37569.480469
   4            "e" 55694  85879.234375 94206.000000 90241.945313
   5            "f" 3989  10375.307617 15011.515625 11342.688477
   6            "g" 2526  6835.082031 5445.536133 6961.277344
   7            "h" 7446  16040.197266 16515.824219 16806.216797
   8            "i" 35374  61891.792969 69703.593750 76796.906250
   9            "k" 19717  61038.375000 49485.265625 66050.882813
  10            "l" 24774  53902.328125 48443.269531 48269.414063
  11            "m" 18939  47933.250000 57497.761719 47236.589844
  12            "n" 25185  52809.437500 55782.511719 56806.027344
  13            "o" 45258  77570.140625 80934.867188 83123.492188
  14            "p" 19114  69289.320313 45614.906250 42336.089844
  15            "r" 19433  37016.613281 36003.714844 34674.128906
  16            "s" 26908  91915.468750 124775.906250 88476.835938
  17            "t" 27407  77595.390625 61254.945313 78833.453125
  18            "u" 17895  43475.195313 46228.238281 46349.406250
  19            "v" 21472  44423.800781 39718.316406 40549.722656
  20            "x" 5484  15469.584961 22952.869141 18176.904297
  21            "y" 16069  33216.027344 34196.515625 38389.113281
  22            "z" 10611  33252.539063 37076.144531 31148.066406
  23           "aa" 12886  41026.226563 77508.875000 48334.492188
  24           "ch" 5709  27803.994141 28854.003906 20738.998047
  25           "dg"  232  1274.302979 1048.533081 903.752014
  26           "dj" 3597  12122.016602 11879.910156 10801.444336
  27           "dz"  284  1009.121155 1091.051758 1020.672913
  28           "ee" 6604  16894.765625 30531.839844 21567.025391
  29           "ii" 22811  61858.089844 76096.968750 60630.398438
  30           "n0"    0    0.000000   0.000000   0.000000
  31           "n1"    0    0.000000   0.000000   0.000000
  32           "n2"    0    0.000000   0.000000   0.000000
  33           "n3"    0    0.000000   0.000000   0.000000
  34           "n4"    0    0.000000   0.000000   0.000000
  35           "n5"    0    0.000000   0.000000   0.000000
  36           "mg"  172  541.905640 554.356079 493.686493
  37           "ng"  692  2360.531982 2198.473633 1878.017822
  38           "nj" 12506  43681.242188 33035.347656 37486.046875
  39           "oo"  267  1076.163696 1724.938599 1222.370605
  40           "rs" 3762  14303.216797 12597.179688 9688.036133
  41           "rz" 2991  9526.543945 9734.720703 9570.465820
  42           "sh" 6112  22776.783203 31124.363281 20719.875000
  43           "si" 34432  692751.937500 407932.437500 332759.812500
  44           "tj" 5250  21620.818359 18526.373047 12166.557617
  45           "ts" 8667  38646.074219 38346.929688 29089.044922
  46           "uu" 3902  14430.689453 18277.814453 14195.526367
  47           "zh" 4943  17693.242188 19799.802734 16088.117188
  48          "swa"    0    0.000000   0.000000   0.000000
