   1            "a" 38377  78777.921875 82889.257813 81309.695313
   2            "b" 9294  32718.384766 21910.458984 21594.167969
   3            "d" 17140  37351.417969 35452.308594 38541.492188
   4            "e" 55694  85293.156250 92507.156250 88046.062500
   5            "f" 3989  10630.124023 15134.282227 11590.169922
   6            "g" 2526  6926.876953 5461.798340 7189.284668
   7            "h" 7446  16603.439453 16616.775391 17152.537109
   8            "i" 35374  60725.761719 68874.773438 76792.500000
   9            "k" 19717  62789.691406 51093.867188 64769.453125
  10            "l" 24774  54728.781250 48529.234375 48495.230469
  11            "m" 18939  48716.171875 56541.917969 49133.515625
  12            "n" 25185  55010.542969 54923.578125 57683.148438
  13            "o" 45258  76524.500000 79527.726563 82430.984375
  14            "p" 19114  69985.164063 45886.250000 43400.761719
  15            "r" 19433  37937.316406 35544.769531 35320.429688
  16            "s" 26908  94156.937500 121723.101563 87383.070313
  17            "t" 27407  77573.625000 62023.113281 80078.976563
  18            "u" 17895  43519.171875 45421.898438 46881.664063
  19            "v" 21472  46087.976563 39782.785156 40279.453125
  20            "x" 5484  16022.216797 22908.755859 18495.792969
  21            "y" 16069  33360.890625 34315.003906 37540.261719
  22            "z" 10611  34370.976563 36618.269531 31879.095703
  23           "aa" 12886  41021.929688 75044.851563 48160.957031
  24           "ch" 5709  27884.335938 28710.310547 21580.386719
  25           "dg"  232  1283.880371 1042.032104 956.799438
  26           "dj" 3597  12222.016602 12056.621094 10939.847656
  27           "dz"  284  1042.207397 1093.559082 1031.646118
  28           "ee" 6604  17777.710938 29645.521484 21423.818359
  29           "ii" 22811  62341.800781 73779.078125 61626.921875
  30           "n0"    0    0.000000   0.000000   0.000000
  31           "n1"    0    0.000000   0.000000   0.000000
  32           "n2"    0    0.000000   0.000000   0.000000
  33           "n3"    0    0.000000   0.000000   0.000000
  34           "n4"    0    0.000000   0.000000   0.000000
  35           "n5"    0    0.000000   0.000000   0.000000
  36           "mg"  172  554.475037 557.824463 511.736633
  37           "ng"  692  2458.704102 2189.576660 1973.856934
  38           "nj" 12506  42801.964844 34019.964844 38379.082031
  39           "oo"  267  1124.473267 1667.955811 1218.078857
  40           "rs" 3762  14688.395508 12570.875977 9885.732422
  41           "rz" 2991  9882.413086 9795.325195 9633.685547
  42           "sh" 6112  23387.677734 30124.494141 21384.562500
  43           "si" 34432  682855.500000 413532.562500 331933.187500
  44           "tj" 5250  21322.648438 18725.193359 12729.512695
  45           "ts" 8667  38739.628906 37779.875000 29533.425781
  46           "uu" 3902  14610.797852 18084.046875 14631.543945
  47           "zh" 4943  18064.605469 19679.994141 16419.359375
  48          "swa"    0    0.000000   0.000000   0.000000
