   1            "a" 38377  87107.851563 119458.648438 85532.023438
   2            "b" 9294  31096.964844 19123.886719 17440.964844
   3            "d" 17140  34933.058594 27305.603516 35195.960938
   4            "e" 55694  92629.820313 122473.453125 100173.421875
   5            "f" 3989  9045.495117 15600.121094 10513.803711
   6            "g" 2526  5377.357422 5368.996582 7839.503418
   7            "h" 7446  13987.110352 17436.509766 18614.720703
   8            "i" 35374  60651.777344 86282.304688 75272.468750
   9            "k" 19717  64835.460938 37372.011719 59808.890625
  10            "l" 24774  39871.976563 60438.050781 50450.253906
  11            "m" 18939  34409.093750 61896.523438 42496.015625
  12            "n" 25185  51353.257813 50898.816406 41645.734375
  13            "o" 45258  85866.640625 104062.578125 82898.890625
  14            "p" 19114  75431.453125 36983.718750 37734.949219
  15            "r" 19433  38091.160156 34109.320313 30841.841797
  16            "s" 26908  84364.062500 136174.750000 84997.703125
  17            "t" 27407  83958.351563 55700.808594 71983.875000
  18            "u" 17895  37711.804688 64653.015625 39908.261719
  19            "v" 21472  40595.527344 35655.597656 34551.011719
  20            "x" 5484  12804.180664 23745.855469 15922.697266
  21            "y" 16069  30940.205078 27389.531250 57374.777344
  22            "z" 10611  28190.324219 38975.210938 27012.808594
  23           "aa" 12886  40509.621094 90509.343750 50893.699219
  24           "ch" 5709  27108.277344 27159.710938 19843.775391
  25           "dg"  232  1281.592651 1064.935425 735.273682
  26           "dj" 3597  11356.782227 11500.722656 8249.918945
  27           "dz"  284  854.358826 1048.458496 924.654968
  28           "ee" 6604  15763.974609 35862.968750 21528.384766
  29           "ii" 22811  46226.746094 90378.812500 63446.953125
  30           "n0"    0    0.000000   0.000000   0.000000
  31           "n1"    0    0.000000   0.000000   0.000000
  32           "n2"    0    0.000000   0.000000   0.000000
  33           "n3"    0    0.000000   0.000000   0.000000
  34           "n4"    0    0.000000   0.000000   0.000000
  35           "n5"    0    0.000000   0.000000   0.000000
  36           "mg"  172  397.664276 704.520142 348.640564
  37           "ng"  692  1825.813110 2548.260498 1699.250732
  38           "nj" 12506  34798.605469 32777.000000 29761.453125
  39           "oo"  267  1207.623291 2096.995117 1028.372314
  40           "rs" 3762  12966.565430 14465.687500 6813.294922
  41           "rz" 2991  9208.788086 10519.344727 6255.069336
  42           "sh" 6112  19856.660156 31001.507813 20631.744141
  43           "si" 34432  429136.187500 224574.562500 766084.625000
  44           "tj" 5250  22203.173828 17789.708984 8843.920898
  45           "ts" 8667  38145.824219 39437.289063 26934.972656
  46           "uu" 3902  12114.125000 21377.947266 12622.428711
  47           "zh" 4943  15383.568359 20827.566406 12731.920898
  48          "swa"    0    0.000000   0.000000   0.000000
