   1           "mj"   46  27932.980469
   2           "pb"   46  31839.990234
   3   "pavel_rada"   46  17138.996094
   4 "otomar_nemecek"   46  22512.986328
   5      "dvorsky"   46  22513.992188
   6 "martin_jiricek"   46  18099.988281
   7    "kounovsky"   46  16214.991211
   8       "vaclav"   46  17663.994141
   9        "tomas"   46  16810.990234
  10        "cerny"   46  32126.990234
  11        "smola"   46  13480.991211
  12        "fejgl"   46  13889.988281
  13        "kasal"   46  22786.994141
  14       "blazek"   46  27655.992188
  15 "frantisek_vlas"   46  21661.992188
  16      "nozicka"   46  18874.992188
  17     "motejlek"   46  30005.994141
  18 "martin_paroubek"   51  26021.988281
  19          "jan"   46  17030.992188
  20        "david"   46  17064.994141
  21          "mak"   46  32286.986328
  22          "mar"   46  29805.988281
  23         "mpch"   46  29918.990234
  24          "mfd"   46  41205.988281
  25          "mfl"   46  28182.990234
  26          "mjb"   46  26946.990234
  27          "mjl"   47  30238.992188
  28          "mjs"   46  33966.988281
  29          "mjt"   46  26223.992188
  30          "mkk"   46  38010.984375
  31          "mms"   45  24893.990234
  32          "mos"   46  30315.990234
  33          "mpm"   46  30756.988281
  34          "mpn"   46  40878.988281
  35          "mps"   46  34035.988281
  36          "mpz"   46  29697.992188
  37         "mps2"   46  28926.988281
  38          "mvl"   46  23336.990234
  39          "mzs"   46  35475.988281
  40         "mvl2"   47  31235.986328
  41      "polacek"   46  39023.992188
  42          "zab"   46  39264.992188
  43          "zas"   46  29403.992188
  44          "zbs"   46  33447.996094
  45          "zhl"   46  38990.992188
  46          "zhn"   46  25035.994141
  47          "zht"   46  30360.994141
  48          "zil"   45  31352.990234
  49          "zjh"   46  29454.990234
  50          "zjs"   46  26121.990234
  51          "zkc"   46  26691.990234
  52          "zkk"   46  29322.990234
  53          "zkn"   46  25640.992188
  54          "zkv"   46  32897.992188
  55          "zlg"   46  25022.992188
  56          "zlj"   46  37545.992188
  57          "zlk"   46  36036.988281
  58          "zlr"   46  29154.992188
  59          "zls"   46  35718.992188
  60          "zlt"   46  30183.994141
  61          "zmd"   46  32097.994141
  62          "zmh"   46  34893.992188
  63          "zmn"   46  36252.984375
  64          "zmt"   46  28560.994141
  65          "znm"   46  45771.992188
  66          "zrh"   46  36846.988281
  67          "zss"   46  26883.992188
  68          "ztk"   45  31343.992188
  69          "ztv"   45  27575.990234
  70  "michal_rott"   45  20216.994141
  71     "jan_hybs"   47  24208.992188
  72        "trnka"   46  20524.992188
  73 "martin_beranek"   44  18661.982422
  74      "safarik"   46  23850.994141
  75      "foldyna"   46  33573.988281
  76 "radek_safarik"   46  21423.996094
  77       "vratny"   46  27971.990234
  78    "svarovsky"   46  31596.992188
  79  "jan_kanajlo"   46  34403.992188
  80        "dutka"   46  26306.990234
  81   "ales_russe"   46  22005.984375
  82 "lukas_mateju"   46  17075.988281
  83        "vacek"   46  24123.996094
  84        "horky"   46  30730.994141
  85        "kolar"   46  26018.992188
  86       "breuer"   46  28069.992188
  87        "kovar"   46  21366.990234
  88      "linhart"   46  30086.990234
  89         "zkv2"   46  27738.990234
  90       "halada"   46  37428.992188
  91 "martin_kaiser"   46  22222.994141
  92  "zdenek_kybl"   46  17383.990234
  93      "chmelik"   46  27839.992188
  94         "zls2"   46  31083.994141
  95         "zss2"   46  26757.994141
