   1            "a" 38377  77435.164063 91923.476563 90109.867188
   2            "b" 9294  21177.845703 27443.708984 24039.099609
   3            "d" 17140  35812.191406 40882.410156 30118.169922
   4            "e" 55694  103869.945313 82449.578125 96685.445313
   5            "f" 3989  9962.288086 14875.583984 10883.001953
   6            "g" 2526  5166.117676 6038.046875 7588.704102
   7            "h" 7446  15067.416992 16835.894531 16295.193359
   8            "i" 35374  74828.445313 59425.382813 73577.070313
   9            "k" 19717  64483.230469 56551.597656 47984.695313
  10            "l" 24774  51312.988281 48861.011719 50639.464844
  11            "m" 18939  43000.042969 57482.355469 45257.503906
  12            "n" 25185  49667.792969 62034.695313 46617.468750
  13            "o" 45258  80543.023438 87038.609375 83528.851563
  14            "p" 19114  62496.300781 49867.546875 39924.562500
  15            "r" 19433  37136.804688 33426.820313 33372.960938
  16            "s" 26908  76985.554688 99969.820313 126172.726563
  17            "t" 27407  89130.507813 78491.875000 51624.929688
  18            "u" 17895  50438.347656 41461.605469 41108.675781
  19            "v" 21472  42644.562500 36445.585938 40248.335938
  20            "x" 5484  13553.506836 19739.113281 22182.408203
  21            "y" 16069  32782.398438 35423.953125 37799.773438
  22            "z" 10611  29553.341797 37622.269531 32119.003906
  23           "aa" 12886  40808.062500 83484.750000 49155.589844
  24           "ch" 5709  26924.013672 22532.513672 26587.783203
  25           "dg"  232  1350.487061 849.829102 777.536743
  26           "dj" 3597  11772.634766 11401.343750 10496.152344
  27           "dz"  284  955.132263 1032.938110 999.427307
  28           "ee" 6604  16743.738281 32668.466797 20586.341797
  29           "ii" 22811  70464.546875 69258.187500 59512.230469
  30           "n0"    0    0.000000   0.000000   0.000000
  31           "n1"    0    0.000000   0.000000   0.000000
  32           "n2"    0    0.000000   0.000000   0.000000
  33           "n3"    0    0.000000   0.000000   0.000000
  34           "n4"    0    0.000000   0.000000   0.000000
  35           "n5"    0    0.000000   0.000000   0.000000
  36           "mg"  172  547.239136 575.841980 477.410980
  37           "ng"  692  2968.261719 1821.205444 1663.716064
  38           "nj" 12506  38820.734375 33192.312500 37331.585938
  39           "oo"  267  1211.828613 1924.503540 858.428711
  40           "rs" 3762  11762.561523 13935.526367 9614.022461
  41           "rz" 2991  8630.976563 10655.935547 8678.308594
  42           "sh" 6112  21372.695313 31240.400391 21070.861328
  43           "si" 34432  441212.656250 334752.718750 681471.000000
  44           "tj" 5250  23774.990234 17757.712891 10298.349609
  45           "ts" 8667  37313.050781 36319.082031 32438.003906
  46           "uu" 3902  13268.390625 18510.349609 13593.043945
  47           "zh" 4943  14311.050781 16947.167969 19810.724609
  48          "swa"    0    0.000000   0.000000   0.000000
