   1            "a" 38377  86857.531250 110834.593750 85241.789063
   2            "b" 9294  31057.148438 19051.380859 18086.623047
   3            "d" 17140  33985.058594 26812.730469 37873.933594
   4            "e" 55694  97197.835938 116458.796875 96828.289063
   5            "f" 3989  9678.370117 15188.768555 10190.274414
   6            "g" 2526  5338.750977 6113.562012 7494.652832
   7            "h" 7446  14263.306641 17627.183594 17369.359375
   8            "i" 35374  62781.855469 84993.835938 71232.437500
   9            "k" 19717  61486.542969 39564.203125 60758.675781
  10            "l" 24774  44908.863281 58069.941406 49524.648438
  11            "m" 18939  34323.351563 62007.406250 42762.054688
  12            "n" 25185  48431.929688 52703.503906 46104.238281
  13            "o" 45258  85053.859375 100452.968750 84563.945313
  14            "p" 19114  74121.695313 38089.617188 37694.593750
  15            "r" 19433  38474.824219 34860.265625 30750.728516
  16            "s" 26908  86042.468750 133299.703125 84416.226563
  17            "t" 27407  81638.007813 60050.480469 71138.968750
  18            "u" 17895  38418.843750 60678.765625 42482.929688
  19            "v" 21472  39447.480469 36542.300781 36540.109375
  20            "x" 5484  12619.039063 23735.445313 15601.064453
  21            "y" 16069  30390.539063 28798.253906 50931.421875
  22            "z" 10611  27044.412109 41453.589844 25855.130859
  23           "aa" 12886  43293.992188 84655.789063 52885.539063
  24           "ch" 5709  26376.964844 27292.601563 20373.183594
  25           "dg"  232  1248.066528 1091.440063 739.815735
  26           "dj" 3597  11701.856445 11532.585938 8508.972656
  27           "dz"  284  850.808777 1163.800903 876.723206
  28           "ee" 6604  16400.150391 34434.875000 22102.248047
  29           "ii" 22811  49679.441406 93033.015625 60926.578125
  30           "n0"    0    0.000000   0.000000   0.000000
  31           "n1"    0    0.000000   0.000000   0.000000
  32           "n2"    0    0.000000   0.000000   0.000000
  33           "n3"    0    0.000000   0.000000   0.000000
  34           "n4"    0    0.000000   0.000000   0.000000
  35           "n5"    0    0.000000   0.000000   0.000000
  36           "mg"  172  393.623260 697.716736 353.052307
  37           "ng"  692  1837.852173 2405.983887 1844.436401
  38           "nj" 12506  36422.429688 30545.982422 29745.916016
  39           "oo"  267  1230.400879 1993.842041 1043.989014
  40           "rs" 3762  12992.661133 14625.055664 6514.002441
  41           "rz" 2991  8969.832031 10936.074219 6297.233887
  42           "sh" 6112  19528.644531 30878.277344 20449.925781
  43           "si" 34432  655010.625000 241279.031250 539839.812500
  44           "tj" 5250  22258.712891 18266.460938 8843.818359
  45           "ts" 8667  38183.496094 37797.148438 27698.960938
  46           "uu" 3902  12367.164063 21154.878906 12945.410156
  47           "zh" 4943  14849.760742 21413.677734 12738.057617
  48          "swa"    0    0.000000   0.000000   0.000000
