   1           "mj"   23  14286.987305
   2           "pb"   23  15349.992188
   3   "pavel_rada"   23  8699.994141
   4 "otomar_nemecek"   23  11218.991211
   5      "dvorsky"   23  12469.995117
   6 "martin_jiricek"   23  9277.988281
   7    "kounovsky"   23  8311.995117
   8       "vaclav"   23  8419.995117
   9        "tomas"   23  8065.988770
  10        "cerny"   23  15786.992188
  11        "smola"   23  6622.992188
  12        "fejgl"   23  6451.991699
  13        "kasal"   23  10721.996094
  14       "blazek"   23  14345.992188
  15 "frantisek_vlas"   23  11439.995117
  16      "nozicka"   23  8945.992188
  17     "motejlek"   23  14844.996094
  18 "martin_paroubek"   26  12638.992188
  19          "jan"   23  8847.994141
  20        "david"   23  8473.994141
  21          "mak"   23  15760.987305
  22          "mar"   23  14695.992188
  23         "mpch"   23  14795.993164
  24          "mfd"   23  19564.992188
  25          "mfl"   23  14098.989258
  26          "mjb"   23  13363.986328
  27          "mjl"   24  15728.995117
  28          "mjs"   23  17323.996094
  29          "mjt"   23  13870.995117
  30          "mkk"   23  17875.992188
  31          "mms"   23  12739.994141
  32          "mos"   23  15610.993164
  33          "mpm"   23  15416.991211
  34          "mpn"   23  20422.990234
  35          "mps"   23  16687.990234
  36          "mpz"   23  15316.994141
  37         "mps2"   23  14281.991211
  38          "mvl"   23  11704.991211
  39          "mzs"   23  17821.992188
  40         "mvl2"   24  15959.990234
  41      "polacek"   23  19833.994141
  42          "zab"   23  19222.994141
  43          "zas"   23  14953.994141
  44          "zbs"   23  17182.996094
  45          "zhl"   23  19107.992188
  46          "zhn"   23  12994.991211
  47          "zht"   23  15202.994141
  48          "zil"   23  15532.993164
  49          "zjh"   23  15031.992188
  50          "zjs"   23  12913.992188
  51          "zkc"   23  13600.992188
  52          "zkk"   23  14251.995117
  53          "zkn"   23  12944.993164
  54          "zkv"   23  16321.994141
  55          "zlg"   23  12433.992188
  56          "zlj"   23  18652.992188
  57          "zlk"   23  18055.990234
  58          "zlr"   23  14593.994141
  59          "zls"   23  18064.992188
  60          "zlt"   23  14920.992188
  61          "zmd"   23  16060.995117
  62          "zmh"   23  17089.994141
  63          "zmn"   23  18142.992188
  64          "zmt"   23  14275.995117
  65          "znm"   23  22483.994141
  66          "zrh"   23  17932.992188
  67          "zss"   23  13624.993164
  68          "ztk"   23  15787.994141
  69          "ztv"   23  13534.992188
  70  "michal_rott"   23  10174.993164
  71     "jan_hybs"   24  13243.994141
  72        "trnka"   23  10374.991211
  73 "martin_beranek"   22  9441.993164
  74      "safarik"   23  12214.997070
  75      "foldyna"   23  16955.994141
  76 "radek_safarik"   23  10975.995117
  77       "vratny"   23  14164.997070
  78    "svarovsky"   23  15416.993164
  79  "jan_kanajlo"   23  17354.992188
  80        "dutka"   23  12689.993164
  81   "ales_russe"   23  10969.990234
  82 "lukas_mateju"   23  8875.996094
  83        "vacek"   23  12470.995117
  84        "horky"   23  14241.994141
  85        "kolar"   23  12112.993164
  86       "breuer"   23  14933.995117
  87        "kovar"   23  10368.993164
  88      "linhart"   23  15006.995117
  89         "zkv2"   23  13663.991211
  90       "halada"   23  18199.992188
  91 "martin_kaiser"   23  11044.995117
  92  "zdenek_kybl"   23  8751.993164
  93      "chmelik"   23  13401.995117
  94         "zls2"   23  15106.994141
  95         "zss2"   23  14158.994141
