   1            "a" 38377  76814.257813 84937.476563 87862.570313
   2            "b" 9294  22464.837891 26521.988281 25815.248047
   3            "d" 17140  37979.585938 39445.515625 31648.814453
   4            "e" 55694  101507.273438 79134.656250 93032.203125
   5            "f" 3989  10230.525391 14803.094727 11343.780273
   6            "g" 2526  5784.092285 6175.042969 7429.419922
   7            "h" 7446  15717.299805 17020.771484 16351.175781
   8            "i" 35374  74527.765625 58475.511719 74491.250000
   9            "k" 19717  66086.710938 56146.687500 49825.097656
  10            "l" 24774  53294.074219 48665.457031 50008.460938
  11            "m" 18939  46217.171875 56103.371094 48802.152344
  12            "n" 25185  54132.773438 61136.601563 49065.152344
  13            "o" 45258  78449.796875 82554.992188 83132.078125
  14            "p" 19114  62006.683594 48668.839844 42739.234375
  15            "r" 19433  37796.609375 35384.183594 32742.943359
  16            "s" 26908  77991.250000 108425.445313 116934.351563
  17            "t" 27407  90420.359375 71285.195313 57659.417969
  18            "u" 17895  51309.382813 39308.417969 41858.558594
  19            "v" 21472  43792.250000 38215.464844 40851.710938
  20            "x" 5484  13653.922852 21343.462891 21396.419922
  21            "y" 16069  34370.902344 34163.324219 37850.699219
  22            "z" 10611  32096.910156 37105.226563 32330.017578
  23           "aa" 12886  40626.218750 79061.257813 49389.894531
  24           "ch" 5709  26681.822266 24976.691406 26185.833984
  25           "dg"  232  1445.442993 910.624207 810.565857
  26           "dj" 3597  12410.703125 11563.476563 10836.395508
  27           "dz"  284  1007.052490 1048.296387 1023.132996
  28           "ee" 6604  16747.810547 31182.431641 21073.951172
  29           "ii" 22811  73426.421875 64816.554688 60142.871094
  30           "n0"    0    0.000000   0.000000   0.000000
  31           "n1"    0    0.000000   0.000000   0.000000
  32           "n2"    0    0.000000   0.000000   0.000000
  33           "n3"    0    0.000000   0.000000   0.000000
  34           "n4"    0    0.000000   0.000000   0.000000
  35           "n5"    0    0.000000   0.000000   0.000000
  36           "mg"  172  553.431335 587.228271 485.316315
  37           "ng"  692  2927.111572 1946.908569 1760.672607
  38           "nj" 12506  40336.339844 33916.195313 38143.871094
  39           "oo"  267  1212.170044 1833.191040 917.529480
  40           "rs" 3762  12747.208984 13521.912109 9954.601563
  41           "rz" 2991  9460.692383 10690.471680 8987.418945
  42           "sh" 6112  22262.767578 31379.654297 21621.771484
  43           "si" 34432  456453.312500 312750.781250 675736.125000
  44           "tj" 5250  23142.603516 17814.156250 11830.199219
  45           "ts" 8667  36409.902344 37397.843750 31969.203125
  46           "uu" 3902  13641.790039 17700.015625 14177.875977
  47           "zh" 4943  15497.484375 18188.708984 19487.109375
  48          "swa"    0    0.000000   0.000000   0.000000
