   1            "a" 38377  84260.328125 99965.015625 81964.601563
   2            "b" 9294  31145.474609 20200.808594 19806.113281
   3            "d" 17140  32731.066406 28209.009766 42597.968750
   4            "e" 55694  99576.125000 105165.109375 86304.734375
   5            "f" 3989  10052.083984 15537.273438 9202.042969
   6            "g" 2526  5878.170410 5599.702148 7205.583496
   7            "h" 7446  14423.639648 17614.765625 16331.381836
   8            "i" 35374  59811.015625 80130.562500 68906.609375
   9            "k" 19717  61796.867188 42707.285156 62037.882813
  10            "l" 24774  48517.824219 53409.984375 51163.300781
  11            "m" 18939  38058.449219 60378.179688 44009.332031
  12            "n" 25185  46471.179688 54651.105469 55147.785156
  13            "o" 45258  84894.781250 92999.765625 82384.304688
  14            "p" 19114  72505.562500 44000.320313 37678.769531
  15            "r" 19433  37561.988281 34928.136719 32869.886719
  16            "s" 26908  89716.914063 127322.078125 85214.132813
  17            "t" 27407  81668.562500 62350.347656 73574.960938
  18            "u" 17895  37499.578125 55212.792969 43976.882813
  19            "v" 21472  38934.238281 39207.304688 38813.234375
  20            "x" 5484  13528.920898 22806.292969 17121.345703
  21            "y" 16069  31155.882813 30483.630859 46229.890625
  22            "z" 10611  26882.177734 39842.281250 28536.636719
  23           "aa" 12886  43629.136719 80372.734375 51992.546875
  24           "ch" 5709  27504.796875 26898.398438 20671.974609
  25           "dg"  232  1230.175537 1010.579102 763.400146
  26           "dj" 3597  10443.093750 11135.015625 10660.851563
  27           "dz"  284  937.063171 1163.511963 860.452820
  28           "ee" 6604  16478.302734 34541.992188 21054.488281
  29           "ii" 22811  54622.265625 87554.476563 60976.695313
  30           "n0"    0    0.000000   0.000000   0.000000
  31           "n1"    0    0.000000   0.000000   0.000000
  32           "n2"    0    0.000000   0.000000   0.000000
  33           "n3"    0    0.000000   0.000000   0.000000
  34           "n4"    0    0.000000   0.000000   0.000000
  35           "n5"    0    0.000000   0.000000   0.000000
  36           "mg"  172  509.438202 587.480408 439.819061
  37           "ng"  692  2011.757568 2362.304443 1749.639526
  38           "nj" 12506  39824.183594 28481.242188 32252.460938
  39           "oo"  267  1098.845459 1915.193970 1123.852173
  40           "rs" 3762  13033.887695 13032.482422 8460.637695
  41           "rz" 2991  8862.233398 10632.556641 7322.556641
  42           "sh" 6112  21428.572266 31808.105469 18747.953125
  43           "si" 34432  689466.125000 296761.468750 469799.250000
  44           "tj" 5250  23071.777344 17559.240234 9600.799805
  45           "ts" 8667  41618.003906 36000.195313 28371.111328
  46           "uu" 3902  12447.359375 20008.964844 13605.885742
  47           "zh" 4943  14126.297852 21299.796875 13060.322266
  48          "swa"    0    0.000000   0.000000   0.000000
