   1            "a" 38377  82507.507813 92088.906250 84427.085938
   2            "b" 9294  30854.974609 21287.812500 20201.812500
   3            "d" 17140  33952.621094 34350.210938 38830.132813
   4            "e" 55694  94074.203125 97987.992188 83456.296875
   5            "f" 3989  10215.427734 14868.004883 10182.011719
   6            "g" 2526  6407.220703 5328.686523 7112.847168
   7            "h" 7446  14782.602539 16992.343750 16700.687500
   8            "i" 35374  57348.152344 74235.812500 72913.156250
   9            "k" 19717  60523.410156 46698.179688 65225.601563
  10            "l" 24774  52881.718750 48433.792969 50421.945313
  11            "m" 18939  41822.484375 58632.296875 44828.355469
  12            "n" 25185  47178.664063 56701.488281 54738.921875
  13            "o" 45258  83793.804688 86533.335938 83102.171875
  14            "p" 19114  71748.125000 43550.332031 40767.351563
  15            "r" 19433  36495.546875 33567.671875 35158.136719
  16            "s" 26908  91195.078125 128361.625000 87057.570313
  17            "t" 27407  79839.265625 59604.738281 76813.398438
  18            "u" 17895  40423.609375 50513.792969 44613.492188
  19            "v" 21472  40945.835938 39139.078125 39214.988281
  20            "x" 5484  14395.907227 23760.263672 17116.572266
  21            "y" 16069  33355.929688 32023.353516 41932.601563
  22            "z" 10611  29207.878906 38111.289063 30845.492188
  23           "aa" 12886  40237.289063 81725.289063 51681.527344
  24           "ch" 5709  28422.435547 27483.064453 21034.240234
  25           "dg"  232  1229.135010 1006.657837 795.358398
  26           "dj" 3597  11315.619141 11058.214844 10868.277344
  27           "dz"  284  978.014099 1098.015015 905.103577
  28           "ee" 6604  16250.886719 33969.957031 20283.751953
  29           "ii" 22811  58612.832031 79669.429688 61919.039063
  30           "n0"    0    0.000000   0.000000   0.000000
  31           "n1"    0    0.000000   0.000000   0.000000
  32           "n2"    0    0.000000   0.000000   0.000000
  33           "n3"    0    0.000000   0.000000   0.000000
  34           "n4"    0    0.000000   0.000000   0.000000
  35           "n5"    0    0.000000   0.000000   0.000000
  36           "mg"  172  523.614258 557.309509 480.305389
  37           "ng"  692  2134.580078 2259.552490 1779.206665
  38           "nj" 12506  41131.945313 31680.191406 34930.097656
  39           "oo"  267  1111.898071 1804.736938 1095.064575
  40           "rs" 3762  13816.346680 12542.068359 9069.959961
  41           "rz" 2991  8873.374023 10329.644531 8579.605469
  42           "sh" 6112  22199.183594 31615.857422 20353.498047
  43           "si" 34432  667549.000000 443391.687500 341469.343750
  44           "tj" 5250  22842.677734 17331.958984 10951.212891
  45           "ts" 8667  41498.589844 36073.500000 29243.113281
  46           "uu" 3902  13604.314453 18666.853516 13812.457031
  47           "zh" 4943  15223.580078 21059.046875 15235.093750
  48          "swa"    0    0.000000   0.000000   0.000000
