   1            "a" 38377  76029.476563 83764.773438 85701.992188
   2            "b" 9294  23218.986328 26450.732422 26192.150391
   3            "d" 17140  38458.527344 39604.894531 31908.001953
   4            "e" 55694  100109.679688 77876.664063 90248.851563
   5            "f" 3989  10418.251953 14627.322266 11591.040039
   6            "g" 2526  5985.523926 6388.389160 7197.691895
   7            "h" 7446  16062.832031 16778.402344 16794.320313
   8            "i" 35374  72735.492188 58644.011719 73946.492188
   9            "k" 19717  66095.242188 56035.527344 51700.730469
  10            "l" 24774  54723.605469 48402.554688 49555.578125
  11            "m" 18939  47440.386719 55587.355469 50246.496094
  12            "n" 25185  55634.125000 60380.183594 50788.695313
  13            "o" 45258  78272.382813 79978.000000 84546.351563
  14            "p" 19114  63056.957031 48887.277344 42639.531250
  15            "r" 19433  38097.015625 35692.378906 33002.484375
  16            "s" 26908  80623.484375 109256.468750 112848.859375
  17            "t" 27407  91466.156250 69900.023438 58540.144531
  18            "u" 17895  51352.367188 38787.343750 42767.238281
  19            "v" 21472  44246.695313 39863.328125 40832.617188
  20            "x" 5484  14038.126953 21381.529297 21777.291016
  21            "y" 16069  34355.468750 34577.972656 36914.917969
  22            "z" 10611  32907.628906 36876.371094 32788.382813
  23           "aa" 12886  40854.917969 77198.156250 48932.546875
  24           "ch" 5709  26992.335938 25321.660156 25893.462891
  25           "dg"  232  1442.495972 946.149231 828.305054
  26           "dj" 3597  12571.116211 11784.693359 10900.959961
  27           "dz"  284  1028.299438 1051.685181 1047.893433
  28           "ee" 6604  17442.093750 30002.210938 20986.152344
  29           "ii" 22811  73380.789063 63033.011719 59893.011719
  30           "n0"    0    0.000000   0.000000   0.000000
  31           "n1"    0    0.000000   0.000000   0.000000
  32           "n2"    0    0.000000   0.000000   0.000000
  33           "n3"    0    0.000000   0.000000   0.000000
  34           "n4"    0    0.000000   0.000000   0.000000
  35           "n5"    0    0.000000   0.000000   0.000000
  36           "mg"  172  577.496826 585.526550 498.274475
  37           "ng"  692  2941.540283 2009.129395 1804.359009
  38           "nj" 12506  40421.765625 34536.617188 38727.722656
  39           "oo"  267  1238.760986 1801.599365 957.510803
  40           "rs" 3762  13019.435547 13375.483398 10043.731445
  41           "rz" 2991  9764.085938 10673.875977 9206.353516
  42           "sh" 6112  22625.753906 31008.654297 22018.326172
  43           "si" 34432  450250.812500 325558.125000 665184.062500
  44           "tj" 5250  22848.828125 18023.699219 12306.374023
  45           "ts" 8667  36335.781250 37995.937500 31440.070313
  46           "uu" 3902  14343.453125 17648.515625 14331.503906
  47           "zh" 4943  16183.425781 18318.443359 19819.636719
  48          "swa"    0    0.000000   0.000000   0.000000
