   1            "a" 38377  76213.875000 84756.679688 87325.593750
   2            "b" 9294  22605.421875 26564.507813 25881.470703
   3            "d" 17140  38066.214844 39556.007813 31672.773438
   4            "e" 55694  101461.625000 78763.671875 92068.945313
   5            "f" 3989  10321.419922 14857.073242 11348.852539
   6            "g" 2526  5860.408691 6238.941895 7298.024414
   7            "h" 7446  15677.757813 17031.111328 16308.521484
   8            "i" 35374  74241.054688 58410.921875 74671.320313
   9            "k" 19717  65911.890625 56153.886719 50360.554688
  10            "l" 24774  53547.457031 48561.335938 49978.328125
  11            "m" 18939  46303.187500 56069.152344 48982.484375
  12            "n" 25185  54564.683594 61103.761719 49376.804688
  13            "o" 45258  78134.976563 81506.937500 83857.781250
  14            "p" 19114  62655.812500 48651.328125 42827.468750
  15            "r" 19433  37913.503906 35509.433594 32624.386719
  16            "s" 26908  78555.453125 109335.000000 115663.492188
  17            "t" 27407  90571.945313 70982.117188 58139.636719
  18            "u" 17895  51108.121094 39230.992188 42230.195313
  19            "v" 21472  43799.968750 38907.382813 40642.117188
  20            "x" 5484  13598.906250 21495.210938 21545.970703
  21            "y" 16069  34392.773438 34404.898438 37672.425781
  22            "z" 10611  32367.259766 37187.972656 32479.427734
  23           "aa" 12886  40602.585938 78579.828125 49158.843750
  24           "ch" 5709  26775.478516 25078.009766 26118.791016
  25           "dg"  232  1442.859131 928.249817 814.124695
  26           "dj" 3597  12444.511719 11648.739258 10804.964844
  27           "dz"  284  1005.853455 1050.866211 1028.155884
  28           "ee" 6604  16924.468750 30944.150391 20940.503906
  29           "ii" 22811  73788.632813 63850.171875 60233.800781
  30           "n0"    0    0.000000   0.000000   0.000000
  31           "n1"    0    0.000000   0.000000   0.000000
  32           "n2"    0    0.000000   0.000000   0.000000
  33           "n3"    0    0.000000   0.000000   0.000000
  34           "n4"    0    0.000000   0.000000   0.000000
  35           "n5"    0    0.000000   0.000000   0.000000
  36           "mg"  172  560.031616 588.544250 488.810181
  37           "ng"  692  2925.775879 1952.392578 1771.724487
  38           "nj" 12506  40143.242188 34261.507813 38384.902344
  39           "oo"  267  1200.319824 1828.194214 927.102966
  40           "rs" 3762  12834.122070 13521.977539 9939.272461
  41           "rz" 2991  9509.428711 10723.135742 9039.862305
  42           "sh" 6112  22318.976563 31365.744141 21681.566406
  43           "si" 34432  452217.500000 316437.656250 674695.812500
  44           "tj" 5250  23065.031250 17883.789063 11963.304688
  45           "ts" 8667  36336.992188 37620.980469 31812.679688
  46           "uu" 3902  13798.415039 17744.253906 14153.375977
  47           "zh" 4943  15639.680664 18282.996094 19613.935547
  48          "swa"    0    0.000000   0.000000   0.000000
