   1            "a" 38377  76607.515625 84646.500000 87563.132813
   2            "b" 9294  22559.339844 26504.939453 25849.896484
   3            "d" 17140  38032.941406 39464.113281 31666.503906
   4            "e" 55694  101439.898438 78880.320313 92618.625000
   5            "f" 3989  10267.833984 14804.661133 11355.821289
   6            "g" 2526  5834.183105 6212.337402 7361.228516
   7            "h" 7446  15760.462891 17043.273438 16319.331055
   8            "i" 35374  74373.773438 58433.148438 74594.101563
   9            "k" 19717  65974.023438 56209.152344 50118.863281
  10            "l" 24774  53477.039063 48605.972656 50052.312500
  11            "m" 18939  46314.601563 56038.597656 48876.660156
  12            "n" 25185  54420.257813 61070.523438 49314.570313
  13            "o" 45258  78381.453125 81894.734375 83515.625000
  14            "p" 19114  62182.835938 48669.148438 42809.683594
  15            "r" 19433  37898.800781 35412.847656 32706.115234
  16            "s" 26908  78365.750000 108893.250000 116121.710938
  17            "t" 27407  90446.359375 71043.789063 57945.156250
  18            "u" 17895  51149.214844 39257.750000 42140.562500
  19            "v" 21472  43783.613281 38523.648438 40726.386719
  20            "x" 5484  13644.128906 21418.923828 21469.009766
  21            "y" 16069  34414.113281 34215.292969 37780.500000
  22            "z" 10611  32283.951172 37097.933594 32383.238281
  23           "aa" 12886  40678.757813 78653.359375 49281.132813
  24           "ch" 5709  26755.539063 25035.660156 26130.664063
  25           "dg"  232  1446.030151 916.825439 814.191162
  26           "dj" 3597  12420.652344 11604.887695 10824.033203
  27           "dz"  284  1006.724792 1050.316895 1024.616333
  28           "ee" 6604  16829.310547 31002.667969 20997.591797
  29           "ii" 22811  73579.960938 64273.500000 60240.082031
  30           "n0"    0    0.000000   0.000000   0.000000
  31           "n1"    0    0.000000   0.000000   0.000000
  32           "n2"    0    0.000000   0.000000   0.000000
  33           "n3"    0    0.000000   0.000000   0.000000
  34           "n4"    0    0.000000   0.000000   0.000000
  35           "n5"    0    0.000000   0.000000   0.000000
  36           "mg"  172  555.959534 588.352844 486.569855
  37           "ng"  692  2925.257324 1949.706177 1767.518921
  38           "nj" 12506  40295.316406 34110.128906 38252.421875
  39           "oo"  267  1203.595703 1831.263184 923.622314
  40           "rs" 3762  12815.869141 13503.261719 9943.631836
  41           "rz" 2991  9515.347656 10702.041016 9017.541016
  42           "sh" 6112  22301.630859 31334.386719 21683.585938
  43           "si" 34432  454719.375000 313971.125000 675839.187500
  44           "tj" 5250  23114.054688 17835.343750 11903.013672
  45           "ts" 8667  36417.539063 37449.425781 31924.880859
  46           "uu" 3902  13727.996094 17705.451172 14171.957031
  47           "zh" 4943  15581.512695 18237.525391 19547.349609
  48          "swa"    0    0.000000   0.000000   0.000000
