   1           "mj"   23  14287.000000
   2           "pb"   23  15349.999023
   3   "pavel_rada"   23  8700.000000
   4 "otomar_nemecek"   23  11218.999023
   5      "dvorsky"   23  12469.998047
   6 "martin_jiricek"   23  9278.000000
   7    "kounovsky"   23  8312.000000
   8       "vaclav"   23  8419.999023
   9        "tomas"   23  8065.998047
  10        "cerny"   23  15786.999023
  11        "smola"   23  6622.999023
  12        "fejgl"   23  6451.999023
  13        "kasal"   23  10721.999023
  14       "blazek"   23  14346.000000
  15 "frantisek_vlas"   23  11439.997070
  16      "nozicka"   23  8945.998047
  17     "motejlek"   23  14845.000000
  18 "martin_paroubek"   26  12638.999023
  19          "jan"   23  8847.998047
  20        "david"   23  8473.998047
  21          "mak"   23  15761.000000
  22          "mar"   23  14695.999023
  23         "mpch"   23  14795.999023
  24          "mfd"   23  19564.998047
  25          "mfl"   23  14098.999023
  26          "mjb"   23  13363.999023
  27          "mjl"   24  15729.000000
  28          "mjs"   23  17324.000000
  29          "mjt"   23  13870.999023
  30          "mkk"   23  17876.000000
  31          "mms"   23  12739.999023
  32          "mos"   23  15610.998047
  33          "mpm"   23  15416.999023
  34          "mpn"   23  20422.998047
  35          "mps"   23  16688.000000
  36          "mpz"   23  15316.998047
  37         "mps2"   23  14281.999023
  38          "mvl"   23  11704.999023
  39          "mzs"   23  17821.998047
  40         "mvl2"   24  15959.998047
  41      "polacek"   23  19834.000000
  42          "zab"   23  19222.996094
  43          "zas"   23  14953.997070
  44          "zbs"   23  17182.998047
  45          "zhl"   23  19108.000000
  46          "zhn"   23  12994.998047
  47          "zht"   23  15202.999023
  48          "zil"   23  15532.998047
  49          "zjh"   23  15031.999023
  50          "zjs"   23  12913.998047
  51          "zkc"   23  13600.998047
  52          "zkk"   23  14251.998047
  53          "zkn"   23  12944.997070
  54          "zkv"   23  16321.998047
  55          "zlg"   23  12433.997070
  56          "zlj"   23  18652.998047
  57          "zlk"   23  18055.998047
  58          "zlr"   23  14593.998047
  59          "zls"   23  18064.994141
  60          "zlt"   23  14920.998047
  61          "zmd"   23  16060.999023
  62          "zmh"   23  17089.998047
  63          "zmn"   23  18142.998047
  64          "zmt"   23  14275.999023
  65          "znm"   23  22483.996094
  66          "zrh"   23  17932.998047
  67          "zss"   23  13625.000000
  68          "ztk"   23  15787.997070
  69          "ztv"   23  13534.998047
  70  "michal_rott"   23  10174.996094
  71     "jan_hybs"   24  13244.000000
  72        "trnka"   23  10374.999023
  73 "martin_beranek"   22  9441.999023
  74      "safarik"   23  12214.998047
  75      "foldyna"   23  16955.998047
  76 "radek_safarik"   23  10975.998047
  77       "vratny"   23  14165.000000
  78    "svarovsky"   23  15416.999023
  79  "jan_kanajlo"   23  17355.000000
  80        "dutka"   23  12690.000000
  81   "ales_russe"   23  10969.999023
  82 "lukas_mateju"   23  8876.000000
  83        "vacek"   23  12470.999023
  84        "horky"   23  14242.000977
  85        "kolar"   23  12112.999023
  86       "breuer"   23  14934.000000
  87        "kovar"   23  10368.999023
  88      "linhart"   23  15007.000000
  89         "zkv2"   23  13663.999023
  90       "halada"   23  18200.000000
  91 "martin_kaiser"   23  11044.999023
  92  "zdenek_kybl"   23  8752.000977
  93      "chmelik"   23  13401.998047
  94         "zls2"   23  15106.998047
  95         "zss2"   23  14158.998047
