   1           "mj"   90  57682.957031
   2           "pb"   90  62295.976563
   3   "pavel_rada"   90  33900.980469
   4 "otomar_nemecek"   90  37412.972656
   5      "dvorsky"   90  39041.976563
   6 "martin_jiricek"   90  33287.953125
   7    "kounovsky"   90  31793.980469
   8       "vaclav"   90  36002.984375
   9        "tomas"   90  33682.960938
  10        "cerny"   90  64295.976563
  11        "smola"   90  26474.972656
  12        "fejgl"   90  27208.970703
  13        "kasal"   90  48582.980469
  14       "blazek"   90  51993.976563
  15 "frantisek_vlas"   90  39192.972656
  16      "nozicka"   90  40109.976563
  17     "motejlek"   90  59098.976563
  18 "martin_paroubek"  101  48157.976563
  19          "jan"   90  32215.980469
  20        "david"   90  32395.978516
  21          "mak"   90  63713.953125
  22          "mar"   91  58815.968750
  23         "mpch"   90  56948.972656
  24          "mfd"   90  80354.976563
  25          "mfl"   90  52031.968750
  26          "mjb"   91  51177.957031
  27          "mjl"   93  57113.968750
  28          "mjs"   90  64454.972656
  29          "mjt"   90  50864.984375
  30          "mkk"   90  75332.960938
  31          "mms"   89  46705.972656
  32          "mos"   90  57065.976563
  33          "mpm"   90  60392.960938
  34          "mpn"   90  77162.960938
  35          "mps"   90  66389.968750
  36          "mpz"   90  55841.976563
  37         "mps2"   90  56960.972656
  38          "mvl"   90  46018.968750
  39          "mzs"   90  73016.960938
  40         "mvl2"   92  59210.957031
  41      "polacek"   90  71610.968750
  42          "zab"   90  75743.984375
  43          "zas"   90  54749.984375
  44          "zbs"   90  65534.984375
  45          "zhl"   90  70040.960938
  46          "zhn"   90  46871.976563
  47          "zht"   90  60470.968750
  48          "zil"   88  60075.976563
  49          "zjh"   90  58616.976563
  50          "zjs"   90  51248.972656
  51          "zkc"   91  51273.972656
  52          "zkk"   90  57035.976563
  53          "zkn"   91  47281.972656
  54          "zkv"   90  68110.976563
  55          "zlg"   90  49289.976563
  56          "zlj"   90  77429.968750
  57          "zlk"   90  71771.968750
  58          "zlr"   90  55256.980469
  59          "zls"   90  68243.976563
  60          "zlt"   90  58004.980469
  61          "zmd"   90  61748.976563
  62          "zmh"   90  67382.976563
  63          "zmn"   90  70517.968750
  64          "zmt"   90  55829.984375
  65          "znm"   91  87495.976563
  66          "zrh"   90  71315.968750
  67          "zss"   90  49859.980469
  68          "ztk"   89  62839.976563
  69          "ztv"   88  52293.976563
  70  "michal_rott"   88  40029.980469
  71     "jan_hybs"   92  46759.968750
  72        "trnka"   90  40785.968750
  73 "martin_beranek"   87  38702.957031
  74      "safarik"   90  48739.984375
  75      "foldyna"   90  61136.972656
  76 "radek_safarik"   90  40434.984375
  77       "vratny"   90  57469.980469
  78    "svarovsky"   90  61343.976563
  79  "jan_kanajlo"   90  66352.968750
  80        "dutka"   90  53322.972656
  81   "ales_russe"   91  42642.968750
  82 "lukas_mateju"   91  31899.957031
  83        "vacek"   90  44891.980469
  84        "horky"   90  60902.972656
  85        "kolar"   90  57059.976563
  86       "breuer"   90  51769.980469
  87        "kovar"   90  41658.976563
  88      "linhart"   90  59159.976563
  89         "zkv2"   90  51173.968750
  90       "halada"   90  73912.968750
  91 "martin_kaiser"   90  41980.968750
  92  "zdenek_kybl"   90  33170.968750
  93      "chmelik"   90  55849.980469
  94         "zls2"   90  61757.972656
  95         "zss2"   90  50069.976563
