   1           "mj"   46  27932.972656
   2           "pb"   46  31839.974609
   3   "pavel_rada"   46  17138.986328
   4 "otomar_nemecek"   46  22512.980469
   5      "dvorsky"   46  22513.974609
   6 "martin_jiricek"   46  18099.974609
   7    "kounovsky"   46  16214.981445
   8       "vaclav"   46  17663.986328
   9        "tomas"   46  16810.970703
  10        "cerny"   46  32126.978516
  11        "smola"   46  13480.980469
  12        "fejgl"   46  13889.975586
  13        "kasal"   46  22786.982422
  14       "blazek"   46  27655.978516
  15 "frantisek_vlas"   46  21661.976563
  16      "nozicka"   46  18874.980469
  17     "motejlek"   46  30005.978516
  18 "martin_paroubek"   51  26021.978516
  19          "jan"   46  17030.982422
  20        "david"   46  17064.972656
  21          "mak"   46  32286.970703
  22          "mar"   46  29805.982422
  23         "mpch"   46  29918.982422
  24          "mfd"   46  41205.980469
  25          "mfl"   46  28182.972656
  26          "mjb"   46  26946.974609
  27          "mjl"   47  30238.978516
  28          "mjs"   46  33966.980469
  29          "mjt"   46  26223.980469
  30          "mkk"   46  38010.980469
  31          "mms"   45  24893.982422
  32          "mos"   46  30315.976563
  33          "mpm"   46  30756.970703
  34          "mpn"   46  40878.957031
  35          "mps"   46  34035.972656
  36          "mpz"   46  29697.972656
  37         "mps2"   46  28926.980469
  38          "mvl"   46  23336.976563
  39          "mzs"   46  35475.968750
  40         "mvl2"   47  31235.974609
  41      "polacek"   46  39023.972656
  42          "zab"   46  39264.984375
  43          "zas"   46  29403.982422
  44          "zbs"   46  33447.984375
  45          "zhl"   46  38990.980469
  46          "zhn"   46  25035.972656
  47          "zht"   46  30360.978516
  48          "zil"   45  31352.978516
  49          "zjh"   46  29454.984375
  50          "zjs"   46  26121.972656
  51          "zkc"   46  26691.980469
  52          "zkk"   46  29322.982422
  53          "zkn"   46  25640.978516
  54          "zkv"   46  32897.980469
  55          "zlg"   46  25022.980469
  56          "zlj"   46  37545.980469
  57          "zlk"   46  36036.976563
  58          "zlr"   46  29154.984375
  59          "zls"   46  35718.984375
  60          "zlt"   46  30183.978516
  61          "zmd"   46  32097.984375
  62          "zmh"   46  34893.984375
  63          "zmn"   46  36252.980469
  64          "zmt"   46  28560.984375
  65          "znm"   46  45771.980469
  66          "zrh"   46  36846.976563
  67          "zss"   46  26883.984375
  68          "ztk"   45  31343.984375
  69          "ztv"   45  27575.982422
  70  "michal_rott"   45  20216.970703
  71     "jan_hybs"   47  24208.968750
  72        "trnka"   46  20524.978516
  73 "martin_beranek"   44  18661.978516
  74      "safarik"   46  23850.976563
  75      "foldyna"   46  33573.960938
  76 "radek_safarik"   46  21423.964844
  77       "vratny"   46  27971.990234
  78    "svarovsky"   46  31596.974609
  79  "jan_kanajlo"   46  34403.980469
  80        "dutka"   46  26306.970703
  81   "ales_russe"   46  22005.980469
  82 "lukas_mateju"   46  17075.980469
  83        "vacek"   46  24123.970703
  84        "horky"   46  30730.980469
  85        "kolar"   46  26018.972656
  86       "breuer"   46  28069.968750
  87        "kovar"   46  21366.976563
  88      "linhart"   46  30086.978516
  89         "zkv2"   46  27738.980469
  90       "halada"   46  37428.980469
  91 "martin_kaiser"   46  22222.982422
  92  "zdenek_kybl"   46  17383.982422
  93      "chmelik"   46  27839.968750
  94         "zls2"   46  31083.978516
  95         "zss2"   46  26757.982422
