   1            "a" 38377  83193.867188 95544.523438 85368.484375
   2            "b" 9294  31039.044922 20722.574219 19764.423828
   3            "d" 17140  33240.531250 30513.488281 40956.078125
   4            "e" 55694  96516.062500 102491.968750 85425.515625
   5            "f" 3989  9936.585938 15665.686523 9416.791016
   6            "g" 2526  6141.976074 5457.176758 7174.311523
   7            "h" 7446  14463.709961 17538.388672 16581.144531
   8            "i" 35374  58141.757813 77765.578125 71714.750000
   9            "k" 19717  61123.714844 45198.140625 64223.667969
  10            "l" 24774  50353.320313 51278.871094 50830.660156
  11            "m" 18939  38721.437500 59235.886719 44155.812500
  12            "n" 25185  46211.238281 55877.625000 55041.929688
  13            "o" 45258  83543.140625 91482.562500 82083.031250
  14            "p" 19114  72377.757813 44187.632813 38707.250000
  15            "r" 19433  37010.976563 34317.050781 33673.062500
  16            "s" 26908  90000.023438 127157.421875 87332.820313
  17            "t" 27407  82222.679688 61220.867188 74684.539063
  18            "u" 17895  38730.808594 52890.230469 44763.335938
  19            "v" 21472  39671.480469 39090.476563 38622.664063
  20            "x" 5484  13956.453125 23198.667969 17316.687500
  21            "y" 16069  31760.757813 31967.283203 43760.187500
  22            "z" 10611  27607.591797 38739.359375 29743.398438
  23           "aa" 12886  42363.320313 80463.484375 52260.847656
  24           "ch" 5709  28109.097656 26853.783203 20738.230469
  25           "dg"  232  1230.780640 989.562622 788.094788
  26           "dj" 3597  10544.086914 11258.523438 10588.466797
  27           "dz"  284  939.657532 1124.578369 887.254761
  28           "ee" 6604  15934.812500 34850.171875 20741.078125
  29           "ii" 22811  54955.320313 85202.820313 61854.175781
  30           "n0"    0    0.000000   0.000000   0.000000
  31           "n1"    0    0.000000   0.000000   0.000000
  32           "n2"    0    0.000000   0.000000   0.000000
  33           "n3"    0    0.000000   0.000000   0.000000
  34           "n4"    0    0.000000   0.000000   0.000000
  35           "n5"    0    0.000000   0.000000   0.000000
  36           "mg"  172  525.829834 571.871033 465.441406
  37           "ng"  692  2063.340820 2315.168213 1740.566772
  38           "nj" 12506  39688.914063 30502.089844 32910.011719
  39           "oo"  267  1106.522583 1865.830322 1107.753906
  40           "rs" 3762  13301.386719 12782.229492 8815.275391
  41           "rz" 2991  8711.973633 10387.394531 8013.243652
  42           "sh" 6112  21257.945313 31830.083984 20134.568359
  43           "si" 34432  692812.187500 370350.718750 390424.343750
  44           "tj" 5250  22611.617188 17403.167969 10222.946289
  45           "ts" 8667  41493.816406 36825.425781 28294.863281
  46           "uu" 3902  13001.929688 19254.597656 13783.176758
  47           "zh" 4943  14161.995117 21400.003906 14128.884766
  48          "swa"    0    0.000000   0.000000   0.000000
