   1            "a" 38377  76624.273438 111264.343750 91125.070313
   2            "b" 9294  21069.582031 26299.470703 22046.123047
   3            "d" 17140  31052.921875 34750.343750 33060.156250
   4            "e" 55694  100449.117188 94574.710938 102277.703125
   5            "f" 3989  8859.702148 12553.903320 12958.520508
   6            "g" 2526  4907.958984 6191.867188 7032.465820
   7            "h" 7446  14885.329102 16650.345703 18812.447266
   8            "i" 35374  71705.750000 70288.726563 73606.500000
   9            "k" 19717  52021.902344 61975.085938 52113.539063
  10            "l" 24774  52488.332031 60815.886719 52235.468750
  11            "m" 18939  35950.375000 61252.941406 43729.949219
  12            "n" 25185  48987.265625 55924.773438 46888.519531
  13            "o" 45258  78660.265625 96878.976563 84440.296875
  14            "p" 19114  56054.988281 58777.820313 33140.824219
  15            "r" 19433  34679.539063 31737.080078 34819.644531
  16            "s" 26908  69965.101563 90867.148438 148898.500000
  17            "t" 27407  65865.468750 79411.875000 62780.117188
  18            "u" 17895  60428.500000 40516.570313 38860.046875
  19            "v" 21472  31613.601563 35441.859375 36513.417969
  20            "x" 5484  12870.745117 17444.917969 22882.843750
  21            "y" 16069  31813.095703 43233.828125 41436.707031
  22            "z" 10611  27799.527344 29925.708984 38319.488281
  23           "aa" 12886  40935.847656 84855.742188 50520.894531
  24           "ch" 5709  23856.144531 17484.689453 30910.853516
  25           "dg"  232  1433.125000 787.302795 726.475891
  26           "dj" 3597  10836.025391 12440.088867 9057.672852
  27           "dz"  284  823.590881 887.089111 936.301575
  28           "ee" 6604  17210.140625 33468.824219 21007.996094
  29           "ii" 22811  67044.757813 68692.351563 63625.152344
  30           "n0"    0    0.000000   0.000000   0.000000
  31           "n1"    0    0.000000   0.000000   0.000000
  32           "n2"    0    0.000000   0.000000   0.000000
  33           "n3"    0    0.000000   0.000000   0.000000
  34           "n4"    0    0.000000   0.000000   0.000000
  35           "n5"    0    0.000000   0.000000   0.000000
  36           "mg"  172  472.792267 656.952393 420.906921
  37           "ng"  692  3146.379883 1767.828735 1613.917847
  38           "nj" 12506  34663.406250 34651.523438 39952.433594
  39           "oo"  267  1042.747803 1945.668091 1023.942749
  40           "rs" 3762  10980.570313 17264.041016 8273.422852
  41           "rz" 2991  8009.815430 10279.704102 7822.519043
  42           "sh" 6112  18466.595703 31086.488281 22870.453125
  43           "si" 34432  268084.656250 248324.296875 928596.250000
  44           "tj" 5250  21299.675781 19264.750000 9617.112305
  45           "ts" 8667  32755.150391 30240.810547 38380.890625
  46           "uu" 3902  12309.083984 20379.242188 12889.119141
  47           "zh" 4943  13691.838867 12914.470703 21485.798828
  48          "swa"    0    0.000000   0.000000   0.000000
