   1            "a" 38377  83674.390625 97399.085938 84031.234375
   2            "b" 9294  31091.357422 20542.109375 19773.333984
   3            "d" 17140  32994.019531 29274.652344 41837.675781
   4            "e" 55694  97950.648438 103619.132813 85734.953125
   5            "f" 3989  9980.846680 15687.516602 9246.445313
   6            "g" 2526  6035.785645 5547.084961 7171.199707
   7            "h" 7446  14442.343750 17583.169922 16460.154297
   8            "i" 35374  58842.503906 78677.710938 70383.750000
   9            "k" 19717  61693.515625 43903.414063 63391.199219
  10            "l" 24774  49400.957031 52236.351563 51106.800781
  11            "m" 18939  38397.093750 59702.863281 44207.253906
  12            "n" 25185  46385.863281 55348.242188 55152.675781
  13            "o" 45258  84113.796875 92350.664063 81861.898438
  14            "p" 19114  72459.343750 44126.121094 38181.691406
  15            "r" 19433  37289.039063 34592.800781 33286.351563
  16            "s" 26908  89887.789063 126776.125000 86901.484375
  17            "t" 27407  81814.101563 62086.765625 74230.757813
  18            "u" 17895  38095.648438 53951.804688 44438.980469
  19            "v" 21472  39313.960938 39172.988281 38665.000000
  20            "x" 5484  13772.365234 22916.962891 17298.464844
  21            "y" 16069  31454.806641 31307.263672 44899.601563
  22            "z" 10611  27261.261719 39098.402344 29317.105469
  23           "aa" 12886  42977.046875 80438.250000 52026.507813
  24           "ch" 5709  27914.810547 26844.632813 20656.281250
  25           "dg"  232  1228.418335 994.175049 778.876831
  26           "dj" 3597  10447.189453 11240.784180 10618.977539
  27           "dz"  284  940.661072 1141.542603 872.717224
  28           "ee" 6604  16117.689453 34883.242188 20823.988281
  29           "ii" 22811  54638.796875 86274.789063 61601.046875
  30           "n0"    0    0.000000   0.000000   0.000000
  31           "n1"    0    0.000000   0.000000   0.000000
  32           "n2"    0    0.000000   0.000000   0.000000
  33           "n3"    0    0.000000   0.000000   0.000000
  34           "n4"    0    0.000000   0.000000   0.000000
  35           "n5"    0    0.000000   0.000000   0.000000
  36           "mg"  172  518.503723 578.293152 457.959137
  37           "ng"  692  2043.935059 2331.010742 1742.685303
  38           "nj" 12506  39919.191406 29576.875000 32588.791016
  39           "oo"  267  1104.004395 1891.090820 1114.235107
  40           "rs" 3762  13181.400391 12884.536133 8665.125000
  41           "rz" 2991  8825.494141 10451.491211 7751.328125
  42           "sh" 6112  21330.962891 31870.912109 19516.298828
  43           "si" 34432  693125.000000 330226.093750 431323.625000
  44           "tj" 5250  22851.683594 17440.406250 9984.714844
  45           "ts" 8667  41607.402344 36516.203125 28282.484375
  46           "uu" 3902  12760.546875 19598.132813 13600.212891
  47           "zh" 4943  14112.574219 21401.048828 13361.341797
  48          "swa"    0    0.000000   0.000000   0.000000
