   1            "a" 38377  75487.125000 99630.218750 93236.445313
   2            "b" 9294  19240.417969 28177.289063 23477.523438
   3            "d" 17140  34680.457031 40439.121094 30012.964844
   4            "e" 55694  109859.046875 85952.500000 96254.625000
   5            "f" 3989  9864.478516 15139.362305 10654.022461
   6            "g" 2526  5208.561035 6215.934570 7302.705566
   7            "h" 7446  14167.644531 17410.734375 15864.473633
   8            "i" 35374  76773.289063 59376.441406 74327.875000
   9            "k" 19717  62755.480469 56544.292969 49169.570313
  10            "l" 24774  48325.972656 49359.742188 51717.984375
  11            "m" 18939  38878.367188 58681.863281 44400.445313
  12            "n" 25185  48842.660156 59822.226563 46151.851563
  13            "o" 45258  80508.515625 93038.000000 82097.929688
  14            "p" 19114  63325.425781 50004.421875 37589.238281
  15            "r" 19433  37086.304688 32406.412109 32381.048828
  16            "s" 26908  76736.273438 93912.140625 133474.562500
  17            "t" 27407  85578.898438 80846.679688 51428.570313
  18            "u" 17895  48282.472656 44051.386719 40715.242188
  19            "v" 21472  39361.066406 36262.183594 39254.250000
  20            "x" 5484  13296.975586 19678.537109 21827.947266
  21            "y" 16069  31913.400391 37761.039063 35880.175781
  22            "z" 10611  28513.246094 37728.742188 32122.375000
  23           "aa" 12886  41287.281250 85783.007813 48941.421875
  24           "ch" 5709  27196.216797 21358.142578 26502.308594
  25           "dg"  232  1351.684204 828.799744 766.292358
  26           "dj" 3597  11258.942383 11764.735352 10051.627930
  27           "dz"  284  902.883484 1064.361572 970.789246
  28           "ee" 6604  16262.809570 34442.039063 19742.677734
  29           "ii" 22811  67883.476563 72198.242188 59302.851563
  30           "n0"    0    0.000000   0.000000   0.000000
  31           "n1"    0    0.000000   0.000000   0.000000
  32           "n2"    0    0.000000   0.000000   0.000000
  33           "n3"    0    0.000000   0.000000   0.000000
  34           "n4"    0    0.000000   0.000000   0.000000
  35           "n5"    0    0.000000   0.000000   0.000000
  36           "mg"  172  520.206055 578.193848 441.649963
  37           "ng"  692  3003.674072 1710.781738 1632.862671
  38           "nj" 12506  36322.535156 34691.621094 35890.042969
  39           "oo"  267  1209.979980 1943.646240 869.379639
  40           "rs" 3762  11244.864258 13799.546875 9998.440430
  41           "rz" 2991  8152.254395 10594.361328 8455.643555
  42           "sh" 6112  20129.355469 30854.478516 21911.914063
  43           "si" 34432  420057.187500 328720.000000 714132.187500
  44           "tj" 5250  23163.771484 18420.097656 9764.478516
  45           "ts" 8667  36006.128906 37305.632813 31641.605469
  46           "uu" 3902  12907.907227 19298.371094 12690.104492
  47           "zh" 4943  13386.162109 16192.742188 19700.291016
  48          "swa"    0    0.000000   0.000000   0.000000
