   1            "a" 38377  77158.953125 93364.992188 90960.390625
   2            "b" 9294  20810.648438 27684.884766 23889.033203
   3            "d" 17140  35494.437500 40981.527344 29988.705078
   4            "e" 55694  104608.429688 82948.335938 96865.312500
   5            "f" 3989  9932.115234 14909.192383 10855.070313
   6            "g" 2526  5146.008301 6013.246094 7614.032227
   7            "h" 7446  14820.014648 17025.681641 16161.763672
   8            "i" 35374  74718.085938 59367.269531 73432.156250
   9            "k" 19717  63765.773438 56953.886719 48141.210938
  10            "l" 24774  50821.941406 48585.472656 50971.707031
  11            "m" 18939  42048.125000 57647.054688 45206.058594
  12            "n" 25185  49254.593750 61780.980469 46506.281250
  13            "o" 45258  80720.960938 88224.007813 83277.476563
  14            "p" 19114  62393.070313 50143.601563 39410.968750
  15            "r" 19433  36930.226563 33216.234375 33194.171875
  16            "s" 26908  77102.367188 97865.734375 128393.500000
  17            "t" 27407  88419.242188 79120.906250 51472.398438
  18            "u" 17895  50182.781250 41730.667969 41363.281250
  19            "v" 21472  42257.304688 36270.363281 40265.539063
  20            "x" 5484  13514.539063 19639.693359 22192.861328
  21            "y" 16069  32692.867188 35672.113281 37769.007813
  22            "z" 10611  29272.042969 37930.476563 31997.580078
  23           "aa" 12886  40835.539063 84204.453125 49092.285156
  24           "ch" 5709  27115.173828 22126.140625 26729.015625
  25           "dg"  232  1353.290161 841.172668 780.875366
  26           "dj" 3597  11687.962891 11480.925781 10415.404297
  27           "dz"  284  947.522583 1036.124268 996.686768
  28           "ee" 6604  16646.666016 32928.339844 20492.328125
  29           "ii" 22811  69923.148438 69835.242188 59521.015625
  30           "n0"    0    0.000000   0.000000   0.000000
  31           "n1"    0    0.000000   0.000000   0.000000
  32           "n2"    0    0.000000   0.000000   0.000000
  33           "n3"    0    0.000000   0.000000   0.000000
  34           "n4"    0    0.000000   0.000000   0.000000
  35           "n5"    0    0.000000   0.000000   0.000000
  36           "mg"  172  548.072571 577.879639 473.926697
  37           "ng"  692  2973.996094 1802.866089 1661.138550
  38           "nj" 12506  38304.531250 33139.808594 37299.140625
  39           "oo"  267  1206.472168 1935.797974 857.983032
  40           "rs" 3762  11610.450195 13992.197266 9612.514648
  41           "rz" 2991  8490.568359 10674.956055 8699.039063
  42           "sh" 6112  21305.931641 31076.044922 21283.564453
  43           "si" 34432  434881.437500 336599.437500 686962.500000
  44           "tj" 5250  23662.349609 17847.193359 10105.071289
  45           "ts" 8667  37317.949219 36232.441406 32480.820313
  46           "uu" 3902  13284.622070 18596.234375 13463.665039
  47           "zh" 4943  13932.876953 16826.460938 19912.779297
  48          "swa"    0    0.000000   0.000000   0.000000
