   1           "mj"   90  57682.937500
   2           "pb"   90  62295.964844
   3   "pavel_rada"   90  33900.976563
   4 "otomar_nemecek"   90  37412.953125
   5      "dvorsky"   90  39041.960938
   6 "martin_jiricek"   90  33287.953125
   7    "kounovsky"   90  31793.972656
   8       "vaclav"   90  36002.980469
   9        "tomas"   90  33682.945313
  10        "cerny"   90  64295.972656
  11        "smola"   90  26474.970703
  12        "fejgl"   90  27208.947266
  13        "kasal"   90  48582.968750
  14       "blazek"   90  51993.964844
  15 "frantisek_vlas"   90  39192.968750
  16      "nozicka"   90  40109.960938
  17     "motejlek"   90  59098.972656
  18 "martin_paroubek"  101  48157.960938
  19          "jan"   90  32215.976563
  20        "david"   90  32395.968750
  21          "mak"   90  63713.925781
  22          "mar"   91  58815.964844
  23         "mpch"   90  56948.968750
  24          "mfd"   90  80354.960938
  25          "mfl"   90  52031.949219
  26          "mjb"   91  51177.949219
  27          "mjl"   93  57113.968750
  28          "mjs"   90  64454.964844
  29          "mjt"   90  50864.972656
  30          "mkk"   90  75332.953125
  31          "mms"   89  46705.976563
  32          "mos"   90  57065.968750
  33          "mpm"   90  60392.949219
  34          "mpn"   90  77162.921875
  35          "mps"   90  66389.953125
  36          "mpz"   90  55841.964844
  37         "mps2"   90  56960.972656
  38          "mvl"   90  46018.953125
  39          "mzs"   90  73016.929688
  40         "mvl2"   92  59210.949219
  41      "polacek"   90  71610.945313
  42          "zab"   90  75743.976563
  43          "zas"   90  54749.968750
  44          "zbs"   90  65534.976563
  45          "zhl"   90  70040.960938
  46          "zhn"   90  46871.957031
  47          "zht"   90  60470.964844
  48          "zil"   88  60075.960938
  49          "zjh"   90  58616.972656
  50          "zjs"   90  51248.957031
  51          "zkc"   91  51273.968750
  52          "zkk"   90  57035.968750
  53          "zkn"   91  47281.964844
  54          "zkv"   90  68110.968750
  55          "zlg"   90  49289.960938
  56          "zlj"   90  77429.960938
  57          "zlk"   90  71771.960938
  58          "zlr"   90  55256.976563
  59          "zls"   90  68243.968750
  60          "zlt"   90  58004.968750
  61          "zmd"   90  61748.976563
  62          "zmh"   90  67382.976563
  63          "zmn"   90  70517.960938
  64          "zmt"   90  55829.972656
  65          "znm"   91  87495.976563
  66          "zrh"   90  71315.968750
  67          "zss"   90  49859.968750
  68          "ztk"   89  62839.972656
  69          "ztv"   88  52293.972656
  70  "michal_rott"   88  40029.945313
  71     "jan_hybs"   92  46759.949219
  72        "trnka"   90  40785.968750
  73 "martin_beranek"   87  38702.953125
  74      "safarik"   90  48739.972656
  75      "foldyna"   90  61136.929688
  76 "radek_safarik"   90  40434.953125
  77       "vratny"   90  57469.984375
  78    "svarovsky"   90  61343.949219
  79  "jan_kanajlo"   90  66352.960938
  80        "dutka"   90  53322.949219
  81   "ales_russe"   91  42642.957031
  82 "lukas_mateju"   91  31899.966797
  83        "vacek"   90  44891.933594
  84        "horky"   90  60902.972656
  85        "kolar"   90  57059.972656
  86       "breuer"   90  51769.953125
  87        "kovar"   90  41658.957031
  88      "linhart"   90  59159.968750
  89         "zkv2"   90  51173.964844
  90       "halada"   90  73912.945313
  91 "martin_kaiser"   90  41980.976563
  92  "zdenek_kybl"   90  33170.968750
  93      "chmelik"   90  55849.957031
  94         "zls2"   90  61757.964844
  95         "zss2"   90  50069.976563
