   1           "mj"   46  27932.990234
   2           "pb"   46  31839.996094
   3   "pavel_rada"   46  17138.998047
   4 "otomar_nemecek"   46  22512.994141
   5      "dvorsky"   46  22513.994141
   6 "martin_jiricek"   46  18099.988281
   7    "kounovsky"   46  16214.996094
   8       "vaclav"   46  17663.992188
   9        "tomas"   46  16810.988281
  10        "cerny"   46  32126.996094
  11        "smola"   46  13480.991211
  12        "fejgl"   46  13889.987305
  13        "kasal"   46  22786.994141
  14       "blazek"   46  27655.990234
  15 "frantisek_vlas"   46  21661.996094
  16      "nozicka"   46  18874.994141
  17     "motejlek"   46  30005.998047
  18 "martin_paroubek"   51  26021.990234
  19          "jan"   46  17030.996094
  20        "david"   46  17064.994141
  21          "mak"   46  32286.988281
  22          "mar"   46  29805.988281
  23         "mpch"   46  29918.992188
  24          "mfd"   46  41205.988281
  25          "mfl"   46  28182.992188
  26          "mjb"   46  26946.992188
  27          "mjl"   47  30238.992188
  28          "mjs"   46  33966.984375
  29          "mjt"   46  26223.992188
  30          "mkk"   46  38010.980469
  31          "mms"   45  24893.986328
  32          "mos"   46  30315.992188
  33          "mpm"   46  30756.988281
  34          "mpn"   46  40878.988281
  35          "mps"   46  34035.992188
  36          "mpz"   46  29697.994141
  37         "mps2"   46  28926.990234
  38          "mvl"   46  23336.992188
  39          "mzs"   46  35475.992188
  40         "mvl2"   47  31235.988281
  41      "polacek"   46  39023.992188
  42          "zab"   46  39264.992188
  43          "zas"   46  29403.994141
  44          "zbs"   46  33447.992188
  45          "zhl"   46  38990.992188
  46          "zhn"   46  25035.994141
  47          "zht"   46  30360.996094
  48          "zil"   45  31352.992188
  49          "zjh"   46  29454.992188
  50          "zjs"   46  26121.990234
  51          "zkc"   46  26691.992188
  52          "zkk"   46  29322.990234
  53          "zkn"   46  25640.994141
  54          "zkv"   46  32897.992188
  55          "zlg"   46  25022.992188
  56          "zlj"   46  37545.996094
  57          "zlk"   46  36036.988281
  58          "zlr"   46  29154.996094
  59          "zls"   46  35718.988281
  60          "zlt"   46  30183.994141
  61          "zmd"   46  32097.996094
  62          "zmh"   46  34893.996094
  63          "zmn"   46  36252.992188
  64          "zmt"   46  28560.992188
  65          "znm"   46  45771.992188
  66          "zrh"   46  36846.992188
  67          "zss"   46  26883.990234
  68          "ztk"   45  31343.994141
  69          "ztv"   45  27575.992188
  70  "michal_rott"   45  20216.994141
  71     "jan_hybs"   47  24208.990234
  72        "trnka"   46  20524.994141
  73 "martin_beranek"   44  18661.986328
  74      "safarik"   46  23850.996094
  75      "foldyna"   46  33573.988281
  76 "radek_safarik"   46  21423.998047
  77       "vratny"   46  27971.992188
  78    "svarovsky"   46  31596.992188
  79  "jan_kanajlo"   46  34403.992188
  80        "dutka"   46  26306.986328
  81   "ales_russe"   46  22005.984375
  82 "lukas_mateju"   46  17075.984375
  83        "vacek"   46  24123.994141
  84        "horky"   46  30730.994141
  85        "kolar"   46  26018.994141
  86       "breuer"   46  28069.994141
  87        "kovar"   46  21366.994141
  88      "linhart"   46  30086.968750
  89         "zkv2"   46  27738.992188
  90       "halada"   46  37428.988281
  91 "martin_kaiser"   46  22222.994141
  92  "zdenek_kybl"   46  17383.990234
  93      "chmelik"   46  27839.996094
  94         "zls2"   46  31083.992188
  95         "zss2"   46  26757.990234
