   1            "a" 38377  89984.257813 104902.492188 83308.000000
   2            "b" 9294  30937.365234 19384.347656 18977.246094
   3            "d" 17140  33231.902344 26924.208984 41332.566406
   4            "e" 55694  100150.078125 113076.695313 93521.437500
   5            "f" 3989  9962.859375 15232.650391 9785.363281
   6            "g" 2526  5534.314941 6064.170898 7348.525391
   7            "h" 7446  14354.911133 17857.906250 17020.470703
   8            "i" 35374  62951.882813 84207.226563 69757.703125
   9            "k" 19717  61393.578125 40534.851563 61355.003906
  10            "l" 24774  46683.218750 58171.500000 48918.214844
  11            "m" 18939  35229.746094 61995.640625 42095.617188
  12            "n" 25185  46758.613281 53921.480469 50460.304688
  13            "o" 45258  83061.578125 96779.804688 85843.812500
  14            "p" 19114  77546.132813 38986.656250 37375.382813
  15            "r" 19433  37617.675781 35868.199219 31492.435547
  16            "s" 26908  87452.578125 132120.265625 83152.882813
  17            "t" 27407  83066.101563 59583.167969 70955.898438
  18            "u" 17895  38244.867188 57878.886719 43688.824219
  19            "v" 21472  38324.652344 38907.351563 37406.167969
  20            "x" 5484  12403.954102 23693.800781 15902.959961
  21            "y" 16069  30684.810547 27654.474609 49712.562500
  22            "z" 10611  26669.115234 42595.761719 25670.048828
  23           "aa" 12886  44792.058594 81179.984375 53395.984375
  24           "ch" 5709  26093.574219 27305.275391 20399.853516
  25           "dg"  232  1262.698608 1063.362915 738.442139
  26           "dj" 3597  11256.632813 11447.658203 9287.771484
  27           "dz"  284  874.353882 1198.290161 853.511597
  28           "ee" 6604  16985.054688 33825.000000 22041.357422
  29           "ii" 22811  51141.191406 92791.531250 60437.820313
  30           "n0"    0    0.000000   0.000000   0.000000
  31           "n1"    0    0.000000   0.000000   0.000000
  32           "n2"    0    0.000000   0.000000   0.000000
  33           "n3"    0    0.000000   0.000000   0.000000
  34           "n4"    0    0.000000   0.000000   0.000000
  35           "n5"    0    0.000000   0.000000   0.000000
  36           "mg"  172  431.104645 671.748108 372.546265
  37           "ng"  692  1851.509155 2407.085938 1833.366333
  38           "nj" 12506  38675.644531 28245.238281 29904.751953
  39           "oo"  267  1180.658447 1922.164673 1110.401001
  40           "rs" 3762  13018.044922 14377.982422 6545.931152
  41           "rz" 2991  9228.259766 11085.770508 6163.676270
  42           "sh" 6112  19650.111328 31538.335938 19619.449219
  43           "si" 34432  714857.812500 260173.437500 462248.718750
  44           "tj" 5250  22839.220703 18536.578125 8615.344727
  45           "ts" 8667  39171.347656 36184.121094 27877.978516
  46           "uu" 3902  12309.413086 20987.015625 13383.028320
  47           "zh" 4943  14495.779297 21733.326172 12636.412109
  48          "swa"    0    0.000000   0.000000   0.000000
