   1            "a" 38377  79449.828125 79457.656250 98202.460938
   2            "b" 9294  22747.246094 22904.392578 27694.394531
   3            "d" 17140  35665.261719 36034.023438 41464.328125
   4            "e" 55694  96595.523438 96954.257813 112165.585938
   5            "f" 3989  8865.469727 8910.350586 11885.755859
   6            "g" 2526  4943.993164 5038.229980 6446.472168
   7            "h" 7446  16803.541016 16863.054688 23523.056641
   8            "i" 35374  69084.140625 69205.187500 83612.492188
   9            "k" 19717  48238.925781 48121.589844 56423.171875
  10            "l" 24774  50693.152344 50711.863281 64093.417969
  11            "m" 18939  41258.156250 41589.878906 53923.707031
  12            "n" 25185  50574.320313 50462.523438 60762.484375
  13            "o" 45258  92388.843750 92569.945313 111608.601563
  14            "p" 19114  45223.476563 44849.835938 53132.238281
  15            "r" 19433  34639.078125 34562.578125 40804.382813
  16            "s" 26908  77647.484375 78139.007813 113530.601563
  17            "t" 27407  63959.558594 64179.992188 78670.242188
  18            "u" 17895  38307.101563 38209.585938 47382.750000
  19            "v" 21472  39073.574219 39102.632813 47212.546875
  20            "x" 5484  11408.034180 11374.060547 13970.909180
  21            "y" 16069  37333.886719 37743.996094 56369.042969
  22            "z" 10611  27842.666016 27964.234375 36438.742188
  23           "aa" 12886  41566.832031 41966.703125 81352.820313
  24           "ch" 5709  19346.496094 19040.380859 26844.271484
  25           "dg"  232  509.412415 510.412628 1422.698242
  26           "dj" 3597  9199.680664 9291.496094 13116.588867
  27           "dz"  284  617.113281 617.055237 787.144775
  28           "ee" 6604  17369.072266 17221.263672 25958.589844
  29           "ii" 22811  66899.546875 65571.335938 96090.851563
  30           "n0"    0    0.000000   0.000000   0.000000
  31           "n1"    0    0.000000   0.000000   0.000000
  32           "n2"    0    0.000000   0.000000   0.000000
  33           "n3"    0    0.000000   0.000000   0.000000
  34           "n4"    0    0.000000   0.000000   0.000000
  35           "n5"    0    0.000000   0.000000   0.000000
  36           "mg"  172  445.598969 455.456329 994.136047
  37           "ng"  692  1551.467163 1549.991943 2018.094482
  38           "nj" 12506  31433.888672 31470.220703 42278.972656
  39           "oo"  267  936.380127 910.740295 3491.855225
  40           "rs" 3762  11782.745117 12017.976563 16362.704102
  41           "rz" 2991  7910.005371 7790.504883 9351.911133
  42           "sh" 6112  19737.855469 19619.656250 30296.185547
  43           "si" 34432  148085.203125 129140.804688 1188011.625000
  44           "tj" 5250  14603.499023 14611.952148 18750.921875
  45           "ts" 8667  24785.791016 24535.433594 33582.535156
  46           "uu" 3902  10670.407227 10486.478516 15888.438477
  47           "zh" 4943  14449.144531 14953.644531 22625.894531
  48          "swa"    0    0.000000   0.000000   0.000000
