   1            "a" 38377  78588.921875 83217.320313 81168.617188
   2            "b" 9294  32687.148438 21910.492188 21580.425781
   3            "d" 17140  37226.515625 35485.304688 38479.332031
   4            "e" 55694  85309.125000 92661.789063 88193.343750
   5            "f" 3989  10617.237305 15074.518555 11567.774414
   6            "g" 2526  6999.755371 5446.806152 7175.739746
   7            "h" 7446  16611.617188 16576.181641 17144.314453
   8            "i" 35374  60831.226563 68831.226563 76891.007813
   9            "k" 19717  62676.781250 50970.511719 64947.601563
  10            "l" 24774  54745.843750 48523.402344 48527.175781
  11            "m" 18939  48668.109375 56629.214844 48934.078125
  12            "n" 25185  54793.855469 55011.019531 57568.410156
  13            "o" 45258  76633.734375 79804.539063 82344.781250
  14            "p" 19114  69852.875000 45968.359375 43265.492188
  15            "r" 19433  37818.117188 35564.265625 35347.972656
  16            "s" 26908  93929.492188 122030.835938 87374.234375
  17            "t" 27407  77489.179688 61953.417969 80051.789063
  18            "u" 17895  43493.378906 45519.523438 46864.179688
  19            "v" 21472  45990.906250 39663.378906 40366.226563
  20            "x" 5484  15981.485352 22925.103516 18483.406250
  21            "y" 16069  33368.449219 34316.964844 37604.203125
  22            "z" 10611  34337.605469 36624.960938 31853.042969
  23           "aa" 12886  40938.128906 75350.250000 48235.921875
  24           "ch" 5709  27909.833984 28694.392578 21536.332031
  25           "dg"  232  1285.386719 1040.603394 954.874023
  26           "dj" 3597  12197.144531 12043.244141 10945.454102
  27           "dz"  284  1041.852661 1093.696777 1031.585938
  28           "ee" 6604  17698.869141 29732.218750 21471.205078
  29           "ii" 22811  62361.343750 73902.867188 61436.847656
  30           "n0"    0    0.000000   0.000000   0.000000
  31           "n1"    0    0.000000   0.000000   0.000000
  32           "n2"    0    0.000000   0.000000   0.000000
  33           "n3"    0    0.000000   0.000000   0.000000
  34           "n4"    0    0.000000   0.000000   0.000000
  35           "n5"    0    0.000000   0.000000   0.000000
  36           "mg"  172  554.123047 558.132446 512.463013
  37           "ng"  692  2451.960938 2189.775146 1966.397583
  38           "nj" 12506  42889.468750 33920.375000 38350.390625
  39           "oo"  267  1124.884644 1672.631470 1213.387451
  40           "rs" 3762  14671.656250 12562.455078 9874.928711
  41           "rz" 2991  9854.711914 9794.220703 9639.505859
  42           "sh" 6112  23335.917969 30227.515625 21325.640625
  43           "si" 34432  682249.937500 414006.812500 332420.625000
  44           "tj" 5250  21358.371094 18682.878906 12702.380859
  45           "ts" 8667  38731.351563 37860.093750 29440.867188
  46           "uu" 3902  14607.337891 18146.468750 14577.519531
  47           "zh" 4943  18038.154297 19691.583984 16397.974609
  48          "swa"    0    0.000000   0.000000   0.000000
