   1           "mj"   23  14286.952148
   2           "pb"   23  15349.974609
   3   "pavel_rada"   23  8699.985352
   4 "otomar_nemecek"   23  11218.969727
   5      "dvorsky"   23  12469.974609
   6 "martin_jiricek"   23  9277.966797
   7    "kounovsky"   23  8311.981445
   8       "vaclav"   23  8419.981445
   9        "tomas"   23  8065.958984
  10        "cerny"   23  15786.974609
  11        "smola"   23  6622.975098
  12        "fejgl"   23  6451.957031
  13        "kasal"   23  10721.980469
  14       "blazek"   23  14345.970703
  15 "frantisek_vlas"   23  11439.973633
  16      "nozicka"   23  8945.974609
  17     "motejlek"   23  14844.979492
  18 "martin_paroubek"   26  12638.976563
  19          "jan"   23  8847.980469
  20        "david"   23  8473.975586
  21          "mak"   23  15760.948242
  22          "mar"   23  14695.981445
  23         "mpch"   23  14795.977539
  24          "mfd"   23  19564.964844
  25          "mfl"   23  14098.961914
  26          "mjb"   23  13363.966797
  27          "mjl"   24  15728.974609
  28          "mjs"   23  17323.972656
  29          "mjt"   23  13870.974609
  30          "mkk"   23  17875.970703
  31          "mms"   23  12739.981445
  32          "mos"   23  15610.972656
  33          "mpm"   23  15416.960938
  34          "mpn"   23  20422.933594
  35          "mps"   23  16687.964844
  36          "mpz"   23  15316.973633
  37         "mps2"   23  14281.976563
  38          "mvl"   23  11704.966797
  39          "mzs"   23  17821.957031
  40         "mvl2"   24  15959.959961
  41      "polacek"   23  19833.966797
  42          "zab"   23  19222.980469
  43          "zas"   23  14953.975586
  44          "zbs"   23  17182.980469
  45          "zhl"   23  19107.970703
  46          "zhn"   23  12994.963867
  47          "zht"   23  15202.975586
  48          "zil"   23  15532.974609
  49          "zjh"   23  15031.976563
  50          "zjs"   23  12913.964844
  51          "zkc"   23  13600.973633
  52          "zkk"   23  14251.980469
  53          "zkn"   23  12944.975586
  54          "zkv"   23  16321.976563
  55          "zlg"   23  12433.971680
  56          "zlj"   23  18652.972656
  57          "zlk"   23  18055.970703
  58          "zlr"   23  14593.982422
  59          "zls"   23  18064.974609
  60          "zlt"   23  14920.976563
  61          "zmd"   23  16060.979492
  62          "zmh"   23  17089.980469
  63          "zmn"   23  18142.970703
  64          "zmt"   23  14275.978516
  65          "znm"   23  22483.978516
  66          "zrh"   23  17932.972656
  67          "zss"   23  13624.977539
  68          "ztk"   23  15787.977539
  69          "ztv"   23  13534.977539
  70  "michal_rott"   23  10174.960938
  71     "jan_hybs"   24  13243.961914
  72        "trnka"   23  10374.972656
  73 "martin_beranek"   22  9441.965820
  74      "safarik"   23  12214.975586
  75      "foldyna"   23  16955.945313
  76 "radek_safarik"   23  10975.956055
  77       "vratny"   23  14164.989258
  78    "svarovsky"   23  15416.961914
  79  "jan_kanajlo"   23  17354.978516
  80        "dutka"   23  12689.962891
  81   "ales_russe"   23  10969.972656
  82 "lukas_mateju"   23  8875.977539
  83        "vacek"   23  12470.946289
  84        "horky"   23  14241.971680
  85        "kolar"   23  12112.977539
  86       "breuer"   23  14933.959961
  87        "kovar"   23  10368.970703
  88      "linhart"   23  15006.975586
  89         "zkv2"   23  13663.971680
  90       "halada"   23  18199.970703
  91 "martin_kaiser"   23  11044.983398
  92  "zdenek_kybl"   23  8751.978516
  93      "chmelik"   23  13401.962891
  94         "zls2"   23  15106.974609
  95         "zss2"   23  14158.978516
