   1            "a" 38377  78565.640625 86049.125000 82985.117188
   2            "b" 9294  32305.490234 21760.574219 21428.052734
   3            "d" 17140  35788.675781 36720.312500 37312.414063
   4            "e" 55694  86600.046875 94364.257813 89998.914063
   5            "f" 3989  10352.751953 14909.255859 11281.838867
   6            "g" 2526  6852.332520 5454.244141 6955.981934
   7            "h" 7446  16143.364258 16553.318359 16745.337891
   8            "i" 35374  62169.359375 69548.148438 76242.054688
   9            "k" 19717  60853.640625 48732.371094 66623.234375
  10            "l" 24774  53355.757813 48952.773438 48359.128906
  11            "m" 18939  48105.082031 57650.480469 46792.437500
  12            "n" 25185  52049.117188 56054.300781 56423.867188
  13            "o" 45258  78630.242188 80917.734375 82768.140625
  14            "p" 19114  68935.796875 45722.750000 42579.015625
  15            "r" 19433  37179.531250 35901.746094 34614.160156
  16            "s" 26908  92285.648438 124170.289063 88455.398438
  17            "t" 27407  77882.726563 60497.761719 78921.726563
  18            "u" 17895  43339.988281 46326.562500 46349.296875
  19            "v" 21472  43452.535156 39978.082031 40647.226563
  20            "x" 5484  15291.731445 22823.457031 18303.523438
  21            "y" 16069  33028.699219 33902.960938 38846.117188
  22            "z" 10611  33101.148438 36828.527344 31164.833984
  23           "aa" 12886  41167.550781 77662.929688 48603.718750
  24           "ch" 5709  27593.945313 29154.939453 20681.720703
  25           "dg"  232  1266.104858 1050.354736 901.159546
  26           "dj" 3597  12088.816406 11917.990234 10774.067383
  27           "dz"  284  1000.015381 1087.585571 1022.004578
  28           "ee" 6604  16749.601563 30702.191406 21606.890625
  29           "ii" 22811  61901.078125 75952.984375 61006.179688
  30           "n0"    0    0.000000   0.000000   0.000000
  31           "n1"    0    0.000000   0.000000   0.000000
  32           "n2"    0    0.000000   0.000000   0.000000
  33           "n3"    0    0.000000   0.000000   0.000000
  34           "n4"    0    0.000000   0.000000   0.000000
  35           "n5"    0    0.000000   0.000000   0.000000
  36           "mg"  172  541.026611 556.693970 493.827148
  37           "ng"  692  2330.339355 2208.602539 1875.854248
  38           "nj" 12506  43878.246094 32646.968750 37348.101563
  39           "oo"  267  1079.356323 1734.052856 1211.412598
  40           "rs" 3762  14241.558594 12536.073242 9705.949219
  41           "rz" 2991  9522.772461 9776.582031 9463.311523
  42           "sh" 6112  22645.167969 31169.720703 20764.390625
  43           "si" 34432  687146.812500 411550.750000 336754.437500
  44           "tj" 5250  21756.492188 18384.080078 12094.314453
  45           "ts" 8667  38758.851563 38206.718750 29180.007813
  46           "uu" 3902  14454.290039 18278.546875 14235.159180
  47           "zh" 4943  17648.574219 19793.675781 15940.586914
  48          "swa"    0    0.000000   0.000000   0.000000
