   1           "mj"   23  14286.980469
   2           "pb"   23  15349.997070
   3   "pavel_rada"   23  8699.992188
   4 "otomar_nemecek"   23  11218.993164
   5      "dvorsky"   23  12469.995117
   6 "martin_jiricek"   23  9277.985352
   7    "kounovsky"   23  8311.994141
   8       "vaclav"   23  8419.994141
   9        "tomas"   23  8065.990723
  10        "cerny"   23  15786.994141
  11        "smola"   23  6622.993652
  12        "fejgl"   23  6451.990723
  13        "kasal"   23  10721.994141
  14       "blazek"   23  14345.991211
  15 "frantisek_vlas"   23  11439.994141
  16      "nozicka"   23  8945.993164
  17     "motejlek"   23  14844.997070
  18 "martin_paroubek"   26  12638.991211
  19          "jan"   23  8847.993164
  20        "david"   23  8473.995117
  21          "mak"   23  15760.985352
  22          "mar"   23  14695.993164
  23         "mpch"   23  14795.993164
  24          "mfd"   23  19564.992188
  25          "mfl"   23  14098.993164
  26          "mjb"   23  13363.992188
  27          "mjl"   24  15728.995117
  28          "mjs"   23  17323.994141
  29          "mjt"   23  13870.993164
  30          "mkk"   23  17875.990234
  31          "mms"   23  12739.995117
  32          "mos"   23  15610.993164
  33          "mpm"   23  15416.990234
  34          "mpn"   23  20422.990234
  35          "mps"   23  16687.990234
  36          "mpz"   23  15316.995117
  37         "mps2"   23  14281.992188
  38          "mvl"   23  11704.989258
  39          "mzs"   23  17821.988281
  40         "mvl2"   24  15959.990234
  41      "polacek"   23  19833.990234
  42          "zab"   23  19222.994141
  43          "zas"   23  14953.996094
  44          "zbs"   23  17182.994141
  45          "zhl"   23  19107.992188
  46          "zhn"   23  12994.994141
  47          "zht"   23  15202.991211
  48          "zil"   23  15532.992188
  49          "zjh"   23  15031.991211
  50          "zjs"   23  12913.991211
  51          "zkc"   23  13600.991211
  52          "zkk"   23  14251.993164
  53          "zkn"   23  12944.992188
  54          "zkv"   23  16321.995117
  55          "zlg"   23  12433.993164
  56          "zlj"   23  18652.994141
  57          "zlk"   23  18055.990234
  58          "zlr"   23  14593.995117
  59          "zls"   23  18064.990234
  60          "zlt"   23  14920.992188
  61          "zmd"   23  16060.995117
  62          "zmh"   23  17089.994141
  63          "zmn"   23  18142.994141
  64          "zmt"   23  14275.995117
  65          "znm"   23  22483.994141
  66          "zrh"   23  17932.990234
  67          "zss"   23  13624.995117
  68          "ztk"   23  15787.992188
  69          "ztv"   23  13534.992188
  70  "michal_rott"   23  10174.994141
  71     "jan_hybs"   24  13243.994141
  72        "trnka"   23  10374.993164
  73 "martin_beranek"   22  9441.990234
  74      "safarik"   23  12214.995117
  75      "foldyna"   23  16955.992188
  76 "radek_safarik"   23  10975.995117
  77       "vratny"   23  14164.996094
  78    "svarovsky"   23  15416.996094
  79  "jan_kanajlo"   23  17354.994141
  80        "dutka"   23  12689.993164
  81   "ales_russe"   23  10969.989258
  82 "lukas_mateju"   23  8875.992188
  83        "vacek"   23  12470.997070
  84        "horky"   23  14241.995117
  85        "kolar"   23  12112.992188
  86       "breuer"   23  14933.996094
  87        "kovar"   23  10368.994141
  88      "linhart"   23  15006.993164
  89         "zkv2"   23  13663.993164
  90       "halada"   23  18199.992188
  91 "martin_kaiser"   23  11044.995117
  92  "zdenek_kybl"   23  8751.992188
  93      "chmelik"   23  13401.995117
  94         "zls2"   23  15106.991211
  95         "zss2"   23  14158.994141
