   1            "a" 38377  82744.046875 93427.960938 86187.117188
   2            "b" 9294  31132.064453 20927.710938 20008.222656
   3            "d" 17140  33498.582031 32874.835938 39595.550781
   4            "e" 55694  94434.562500 100550.890625 84093.546875
   5            "f" 3989  9953.626953 15282.744141 9901.332031
   6            "g" 2526  6317.652832 5328.702637 7075.752441
   7            "h" 7446  14549.445313 17265.695313 16674.193359
   8            "i" 35374  57040.148438 76110.898438 72361.109375
   9            "k" 19717  60662.894531 46459.656250 65553.804688
  10            "l" 24774  52336.539063 49262.804688 50394.398438
  11            "m" 18939  40153.371094 58684.851563 44327.546875
  12            "n" 25185  46793.089844 56448.871094 54873.582031
  13            "o" 45258  83343.890625 89232.109375 83100.929688
  14            "p" 19114  71833.382813 44019.949219 39561.386719
  15            "r" 19433  36461.914063 33834.441406 34510.859375
  16            "s" 26908  89835.484375 128344.500000 87830.679688
  17            "t" 27407  81334.328125 59466.753906 75973.468750
  18            "u" 17895  39714.777344 51365.234375 45344.796875
  19            "v" 21472  40242.933594 38842.996094 39159.820313
  20            "x" 5484  14216.257813 23832.902344 17189.431641
  21            "y" 16069  32984.589844 32490.921875 42128.968750
  22            "z" 10611  28388.759766 38835.085938 30197.867188
  23           "aa" 12886  40924.125000 81098.460938 52461.699219
  24           "ch" 5709  28220.160156 27205.095703 21136.037109
  25           "dg"  232  1227.092896 1000.371643 801.785095
  26           "dj" 3597  11012.559570 11165.138672 10662.408203
  27           "dz"  284  964.323120 1106.539307 889.634277
  28           "ee" 6604  15877.428711 34434.230469 20651.933594
  29           "ii" 22811  56449.140625 82564.578125 61378.433594
  30           "n0"    0    0.000000   0.000000   0.000000
  31           "n1"    0    0.000000   0.000000   0.000000
  32           "n2"    0    0.000000   0.000000   0.000000
  33           "n3"    0    0.000000   0.000000   0.000000
  34           "n4"    0    0.000000   0.000000   0.000000
  35           "n5"    0    0.000000   0.000000   0.000000
  36           "mg"  172  525.437195 570.595459 475.916412
  37           "ng"  692  2098.731934 2293.943848 1750.043945
  38           "nj" 12506  39928.367188 31121.396484 34187.921875
  39           "oo"  267  1110.054077 1826.948730 1104.494385
  40           "rs" 3762  13508.513672 12571.350586 9018.756836
  41           "rz" 2991  8554.754883 10394.179688 8426.804688
  42           "sh" 6112  21679.751953 31784.966797 20530.599609
  43           "si" 34432  670866.812500 438800.406250 342419.000000
  44           "tj" 5250  22400.470703 17309.503906 10714.827148
  45           "ts" 8667  41279.480469 36553.093750 28959.910156
  46           "uu" 3902  13357.368164 18902.583984 13810.597656
  47           "zh" 4943  14398.349609 21453.855469 14921.776367
  48          "swa"    0    0.000000   0.000000   0.000000
