   1           "mj"   46  27932.947266
   2           "pb"   46  31839.962891
   3   "pavel_rada"   46  17138.976563
   4 "otomar_nemecek"   46  22512.958984
   5      "dvorsky"   46  22513.958984
   6 "martin_jiricek"   46  18099.955078
   7    "kounovsky"   46  16214.976563
   8       "vaclav"   46  17663.974609
   9        "tomas"   46  16810.955078
  10        "cerny"   46  32126.966797
  11        "smola"   46  13480.966797
  12        "fejgl"   46  13889.958984
  13        "kasal"   46  22786.972656
  14       "blazek"   46  27655.964844
  15 "frantisek_vlas"   46  21661.962891
  16      "nozicka"   46  18874.964844
  17     "motejlek"   46  30005.966797
  18 "martin_paroubek"   51  26021.968750
  19          "jan"   46  17030.976563
  20        "david"   46  17064.962891
  21          "mak"   46  32286.933594
  22          "mar"   46  29805.968750
  23         "mpch"   46  29918.966797
  24          "mfd"   46  41205.964844
  25          "mfl"   46  28182.951172
  26          "mjb"   46  26946.957031
  27          "mjl"   47  30238.968750
  28          "mjs"   46  33966.968750
  29          "mjt"   46  26223.970703
  30          "mkk"   46  38010.968750
  31          "mms"   45  24893.972656
  32          "mos"   46  30315.964844
  33          "mpm"   46  30756.951172
  34          "mpn"   46  40878.921875
  35          "mps"   46  34035.953125
  36          "mpz"   46  29697.955078
  37         "mps2"   46  28926.964844
  38          "mvl"   46  23336.953125
  39          "mzs"   46  35475.957031
  40         "mvl2"   47  31235.955078
  41      "polacek"   46  39023.953125
  42          "zab"   46  39264.976563
  43          "zas"   46  29403.968750
  44          "zbs"   46  33447.976563
  45          "zhl"   46  38990.972656
  46          "zhn"   46  25035.957031
  47          "zht"   46  30360.966797
  48          "zil"   45  31352.964844
  49          "zjh"   46  29454.968750
  50          "zjs"   46  26121.958984
  51          "zkc"   46  26691.968750
  52          "zkk"   46  29322.976563
  53          "zkn"   46  25640.970703
  54          "zkv"   46  32897.972656
  55          "zlg"   46  25022.960938
  56          "zlj"   46  37545.964844
  57          "zlk"   46  36036.960938
  58          "zlr"   46  29154.970703
  59          "zls"   46  35718.968750
  60          "zlt"   46  30183.968750
  61          "zmd"   46  32097.976563
  62          "zmh"   46  34893.972656
  63          "zmn"   46  36252.968750
  64          "zmt"   46  28560.972656
  65          "znm"   46  45771.972656
  66          "zrh"   46  36846.964844
  67          "zss"   46  26883.970703
  68          "ztk"   45  31343.978516
  69          "ztv"   45  27575.968750
  70  "michal_rott"   45  20216.955078
  71     "jan_hybs"   47  24208.943359
  72        "trnka"   46  20524.966797
  73 "martin_beranek"   44  18661.958984
  74      "safarik"   46  23850.970703
  75      "foldyna"   46  33573.933594
  76 "radek_safarik"   46  21423.951172
  77       "vratny"   46  27971.986328
  78    "svarovsky"   46  31596.962891
  79  "jan_kanajlo"   46  34403.968750
  80        "dutka"   46  26306.953125
  81   "ales_russe"   46  22005.962891
  82 "lukas_mateju"   46  17075.972656
  83        "vacek"   46  24123.953125
  84        "horky"   46  30730.974609
  85        "kolar"   46  26018.957031
  86       "breuer"   46  28069.951172
  87        "kovar"   46  21366.960938
  88      "linhart"   46  30086.968750
  89         "zkv2"   46  27738.962891
  90       "halada"   46  37428.968750
  91 "martin_kaiser"   46  22222.974609
  92  "zdenek_kybl"   46  17383.972656
  93      "chmelik"   46  27839.947266
  94         "zls2"   46  31083.968750
  95         "zss2"   46  26757.972656
