   1            "a" 38377  75760.093750 97143.000000 92882.242188
   2            "b" 9294  19900.753906 28075.705078 23585.052734
   3            "d" 17140  34993.679688 40704.757813 30076.835938
   4            "e" 55694  106486.523438 84944.070313 96611.875000
   5            "f" 3989  9830.487305 15063.248047 10825.008789
   6            "g" 2526  5187.083984 6063.687012 7443.261230
   7            "h" 7446  14370.374023 17435.296875 15879.958984
   8            "i" 35374  75400.468750 59232.664063 73778.929688
   9            "k" 19717  63156.007813 57227.070313 48793.042969
  10            "l" 24774  49226.324219 48627.382813 51571.410156
  11            "m" 18939  40104.050781 58252.789063 44708.507813
  12            "n" 25185  49270.710938 60631.449219 46099.359375
  13            "o" 45258  80080.867188 91443.101563 82674.960938
  14            "p" 19114  62569.058594 50357.097656 38362.281250
  15            "r" 19433  36793.007813 32838.585938 32699.460938
  16            "s" 26908  77002.000000 94815.187500 132444.921875
  17            "t" 27407  86405.992188 80477.968750 51933.824219
  18            "u" 17895  48815.246094 43088.007813 41282.968750
  19            "v" 21472  41029.625000 35966.296875 40057.894531
  20            "x" 5484  13583.140625 19515.130859 22176.169922
  21            "y" 16069  32214.285156 36686.191406 36845.894531
  22            "z" 10611  28698.953125 38413.484375 31732.259766
  23           "aa" 12886  40796.613281 85389.140625 49207.917969
  24           "ch" 5709  27271.810547 21570.208984 26808.416016
  25           "dg"  232  1359.781860 832.100647 777.948181
  26           "dj" 3597  11486.407227 11655.618164 10147.335938
  27           "dz"  284  930.252380 1044.377441 985.649536
  28           "ee" 6604  16236.107422 33761.476563 20105.123047
  29           "ii" 22811  69118.601563 71272.515625 59221.019531
  30           "n0"    0    0.000000   0.000000   0.000000
  31           "n1"    0    0.000000   0.000000   0.000000
  32           "n2"    0    0.000000   0.000000   0.000000
  33           "n3"    0    0.000000   0.000000   0.000000
  34           "n4"    0    0.000000   0.000000   0.000000
  35           "n5"    0    0.000000   0.000000   0.000000
  36           "mg"  172  533.395935 580.591797 457.559326
  37           "ng"  692  3005.286621 1747.056274 1646.059448
  38           "nj" 12506  37270.425781 33434.019531 36734.167969
  39           "oo"  267  1198.504395 1950.471680 869.913940
  40           "rs" 3762  11377.622070 13910.427734 9782.764648
  41           "rz" 2991  8209.259766 10596.991211 8692.169922
  42           "sh" 6112  20863.996094 30706.951172 21827.244141
  43           "si" 34432  428990.843750 336339.781250 695037.250000
  44           "tj" 5250  23306.683594 18165.062500 9874.030273
  45           "ts" 8667  36688.300781 36710.464844 32118.812500
  46           "uu" 3902  13162.729492 18957.568359 13008.152344
  47           "zh" 4943  13371.358398 16494.849609 19742.740234
  48          "swa"    0    0.000000   0.000000   0.000000
