   1           "mj"   90  57682.945313
   2           "pb"   90  62295.972656
   3   "pavel_rada"   90  33900.980469
   4 "otomar_nemecek"   90  37412.964844
   5      "dvorsky"   90  39041.968750
   6 "martin_jiricek"   90  33287.960938
   7    "kounovsky"   90  31793.978516
   8       "vaclav"   90  36002.984375
   9        "tomas"   90  33682.953125
  10        "cerny"   90  64295.972656
  11        "smola"   90  26474.974609
  12        "fejgl"   90  27208.957031
  13        "kasal"   90  48582.972656
  14       "blazek"   90  51993.968750
  15 "frantisek_vlas"   90  39192.972656
  16      "nozicka"   90  40109.964844
  17     "motejlek"   90  59098.968750
  18 "martin_paroubek"  101  48157.968750
  19          "jan"   90  32215.980469
  20        "david"   90  32395.976563
  21          "mak"   90  63713.945313
  22          "mar"   91  58815.972656
  23         "mpch"   90  56948.972656
  24          "mfd"   90  80354.968750
  25          "mfl"   90  52031.957031
  26          "mjb"   91  51177.960938
  27          "mjl"   93  57113.976563
  28          "mjs"   90  64454.968750
  29          "mjt"   90  50864.972656
  30          "mkk"   90  75332.960938
  31          "mms"   89  46705.976563
  32          "mos"   90  57065.972656
  33          "mpm"   90  60392.953125
  34          "mpn"   90  77162.921875
  35          "mps"   90  66389.960938
  36          "mpz"   90  55841.972656
  37         "mps2"   90  56960.972656
  38          "mvl"   90  46018.964844
  39          "mzs"   90  73016.945313
  40         "mvl2"   92  59210.960938
  41      "polacek"   90  71610.960938
  42          "zab"   90  75743.984375
  43          "zas"   90  54749.972656
  44          "zbs"   90  65534.976563
  45          "zhl"   90  70040.968750
  46          "zhn"   90  46871.964844
  47          "zht"   90  60470.968750
  48          "zil"   88  60075.972656
  49          "zjh"   90  58616.972656
  50          "zjs"   90  51248.964844
  51          "zkc"   91  51273.972656
  52          "zkk"   90  57035.976563
  53          "zkn"   91  47281.972656
  54          "zkv"   90  68110.968750
  55          "zlg"   90  49289.968750
  56          "zlj"   90  77429.968750
  57          "zlk"   90  71771.968750
  58          "zlr"   90  55256.980469
  59          "zls"   90  68243.968750
  60          "zlt"   90  58004.968750
  61          "zmd"   90  61748.976563
  62          "zmh"   90  67382.976563
  63          "zmn"   90  70517.968750
  64          "zmt"   90  55829.976563
  65          "znm"   91  87495.976563
  66          "zrh"   90  71315.968750
  67          "zss"   90  49859.972656
  68          "ztk"   89  62839.976563
  69          "ztv"   88  52293.972656
  70  "michal_rott"   88  40029.957031
  71     "jan_hybs"   92  46759.953125
  72        "trnka"   90  40785.976563
  73 "martin_beranek"   87  38702.968750
  74      "safarik"   90  48739.976563
  75      "foldyna"   90  61136.937500
  76 "radek_safarik"   90  40434.957031
  77       "vratny"   90  57469.984375
  78    "svarovsky"   90  61343.960938
  79  "jan_kanajlo"   90  66352.968750
  80        "dutka"   90  53322.957031
  81   "ales_russe"   91  42642.968750
  82 "lukas_mateju"   91  31899.974609
  83        "vacek"   90  44891.945313
  84        "horky"   90  60902.976563
  85        "kolar"   90  57059.972656
  86       "breuer"   90  51769.957031
  87        "kovar"   90  41658.964844
  88      "linhart"   90  59159.972656
  89         "zkv2"   90  51173.968750
  90       "halada"   90  73912.953125
  91 "martin_kaiser"   90  41980.980469
  92  "zdenek_kybl"   90  33170.976563
  93      "chmelik"   90  55849.968750
  94         "zls2"   90  61757.968750
  95         "zss2"   90  50069.976563
