   1            "a" 38377  74685.156250 98719.656250 96284.570313
   2            "b" 9294  21808.794922 26024.949219 22297.585938
   3            "d" 17140  31003.375000 34826.144531 33297.363281
   4            "e" 55694  85650.414063 95972.117188 107386.515625
   5            "f" 3989  8749.071289 10779.338867 14659.779297
   6            "g" 2526  4585.751465 5727.618164 6880.505371
   7            "h" 7446  15172.568359 16668.314453 21001.556641
   8            "i" 35374  62920.773438 74911.914063 77442.328125
   9            "k" 19717  50326.394531 59248.648438 54423.910156
  10            "l" 24774  50654.277344 60080.093750 58621.816406
  11            "m" 18939  37292.449219 61241.687500 44524.281250
  12            "n" 25185  49882.382813 53567.457031 49820.910156
  13            "o" 45258  77456.445313 92739.781250 85233.953125
  14            "p" 19114  53126.480469 59342.933594 35163.394531
  15            "r" 19433  33148.667969 32831.617188 36790.359375
  16            "s" 26908  69811.375000 82994.023438 158402.281250
  17            "t" 27407  63424.800781 78289.289063 66171.226563
  18            "u" 17895  61595.113281 38584.925781 39624.425781
  19            "v" 21472  31164.710938 34787.410156 37396.648438
  20            "x" 5484  12860.061523 15206.070313 23575.851563
  21            "y" 16069  31263.369141 42888.773438 47702.808594
  22            "z" 10611  27731.257813 28301.638672 41377.167969
  23           "aa" 12886  37948.003906 88688.554688 49354.929688
  24           "ch" 5709  23347.457031 17206.384766 31900.421875
  25           "dg"  232  1460.764526 763.953491 781.037354
  26           "dj" 3597  10718.666016 12236.794922 9553.824219
  27           "dz"  284  841.456726 815.303101 975.884094
  28           "ee" 6604  16931.587891 34684.332031 20830.486328
  29           "ii" 22811  60177.972656 76918.804688 64472.675781
  30           "n0"    0    0.000000   0.000000   0.000000
  31           "n1"    0    0.000000   0.000000   0.000000
  32           "n2"    0    0.000000   0.000000   0.000000
  33           "n3"    0    0.000000   0.000000   0.000000
  34           "n4"    0    0.000000   0.000000   0.000000
  35           "n5"    0    0.000000   0.000000   0.000000
  36           "mg"  172  515.099854 627.456482 405.410431
  37           "ng"  692  3299.626221 1796.263794 1668.256348
  38           "nj" 12506  34592.488281 33820.613281 44117.601563
  39           "oo"  267  943.312378 1952.734131 1166.033691
  40           "rs" 3762  11211.237305 17753.431641 8047.902344
  41           "rz" 2991  8099.347656 9815.728516 7831.716309
  42           "sh" 6112  18246.529297 28714.892578 25686.414063
  43           "si" 34432  228696.843750 262019.859375 953951.250000
  44           "tj" 5250  20272.177734 19253.818359 10042.205078
  45           "ts" 8667  32458.455078 28391.953125 40386.371094
  46           "uu" 3902  11820.471680 21218.449219 13091.589844
  47           "zh" 4943  13490.806641 13071.746094 22251.179688
  48          "swa"    0    0.000000   0.000000   0.000000
