   1           "mj"   23  14286.973633
   2           "pb"   23  15349.975586
   3   "pavel_rada"   23  8699.985352
   4 "otomar_nemecek"   23  11218.978516
   5      "dvorsky"   23  12469.973633
   6 "martin_jiricek"   23  9277.975586
   7    "kounovsky"   23  8311.982422
   8       "vaclav"   23  8419.981445
   9        "tomas"   23  8065.970703
  10        "cerny"   23  15786.977539
  11        "smola"   23  6622.982422
  12        "fejgl"   23  6451.974609
  13        "kasal"   23  10721.979492
  14       "blazek"   23  14345.978516
  15 "frantisek_vlas"   23  11439.976563
  16      "nozicka"   23  8945.985352
  17     "motejlek"   23  14844.972656
  18 "martin_paroubek"   26  12638.981445
  19          "jan"   23  8847.985352
  20        "david"   23  8473.973633
  21          "mak"   23  15760.964844
  22          "mar"   23  14695.985352
  23         "mpch"   23  14795.980469
  24          "mfd"   23  19564.976563
  25          "mfl"   23  14098.971680
  26          "mjb"   23  13363.971680
  27          "mjl"   24  15728.977539
  28          "mjs"   23  17323.978516
  29          "mjt"   23  13870.983398
  30          "mkk"   23  17875.980469
  31          "mms"   23  12739.983398
  32          "mos"   23  15610.980469
  33          "mpm"   23  15416.970703
  34          "mpn"   23  20422.955078
  35          "mps"   23  16687.972656
  36          "mpz"   23  15316.974609
  37         "mps2"   23  14281.980469
  38          "mvl"   23  11704.973633
  39          "mzs"   23  17821.972656
  40         "mvl2"   24  15959.974609
  41      "polacek"   23  19833.972656
  42          "zab"   23  19222.986328
  43          "zas"   23  14953.980469
  44          "zbs"   23  17182.984375
  45          "zhl"   23  19107.980469
  46          "zhn"   23  12994.972656
  47          "zht"   23  15202.979492
  48          "zil"   23  15532.978516
  49          "zjh"   23  15031.982422
  50          "zjs"   23  12913.973633
  51          "zkc"   23  13600.979492
  52          "zkk"   23  14251.984375
  53          "zkn"   23  12944.978516
  54          "zkv"   23  16321.980469
  55          "zlg"   23  12433.976563
  56          "zlj"   23  18652.980469
  57          "zlk"   23  18055.980469
  58          "zlr"   23  14593.983398
  59          "zls"   23  18064.982422
  60          "zlt"   23  14920.977539
  61          "zmd"   23  16060.983398
  62          "zmh"   23  17089.986328
  63          "zmn"   23  18142.980469
  64          "zmt"   23  14275.984375
  65          "znm"   23  22483.982422
  66          "zrh"   23  17932.976563
  67          "zss"   23  13624.980469
  68          "ztk"   23  15787.982422
  69          "ztv"   23  13534.979492
  70  "michal_rott"   23  10174.974609
  71     "jan_hybs"   24  13243.966797
  72        "trnka"   23  10374.978516
  73 "martin_beranek"   22  9441.980469
  74      "safarik"   23  12214.977539
  75      "foldyna"   23  16955.957031
  76 "radek_safarik"   23  10975.966797
  77       "vratny"   23  14164.992188
  78    "svarovsky"   23  15416.969727
  79  "jan_kanajlo"   23  17354.980469
  80        "dutka"   23  12689.975586
  81   "ales_russe"   23  10969.977539
  82 "lukas_mateju"   23  8875.982422
  83        "vacek"   23  12470.972656
  84        "horky"   23  14241.972656
  85        "kolar"   23  12112.974609
  86       "breuer"   23  14933.965820
  87        "kovar"   23  10368.977539
  88      "linhart"   23  15006.980469
  89         "zkv2"   23  13663.982422
  90       "halada"   23  18199.982422
  91 "martin_kaiser"   23  11044.983398
  92  "zdenek_kybl"   23  8751.982422
  93      "chmelik"   23  13401.968750
  94         "zls2"   23  15106.980469
  95         "zss2"   23  14158.979492
