   1            "a" 38377  81737.968750 91326.242188 82677.789063
   2            "b" 9294  30832.841797 21597.884766 20275.625000
   3            "d" 17140  34628.417969 35184.496094 38230.457031
   4            "e" 55694  93977.125000 96357.148438 84067.867188
   5            "f" 3989  10384.607422 14669.855469 10639.595703
   6            "g" 2526  6527.494141 5373.008789 7083.867188
   7            "h" 7446  15020.981445 16972.730469 16586.019531
   8            "i" 35374  57926.496094 73383.195313 73679.992188
   9            "k" 19717  60300.656250 47028.742188 64940.785156
  10            "l" 24774  52476.960938 48848.687500 50229.828125
  11            "m" 18939  43167.726563 58748.355469 44666.773438
  12            "n" 25185  47699.890625 56764.417969 54845.457031
  13            "o" 45258  83243.937500 84817.882813 82746.031250
  14            "p" 19114  71885.992188 43392.902344 41991.898438
  15            "r" 19433  36717.894531 33669.390625 35256.070313
  16            "s" 26908  92060.414063 128290.234375 86616.945313
  17            "t" 27407  79250.296875 59517.542969 77897.757813
  18            "u" 17895  41178.988281 49918.089844 43966.117188
  19            "v" 21472  41160.093750 39583.441406 39377.000000
  20            "x" 5484  14541.015625 23422.117188 17423.888672
  21            "y" 16069  32724.746094 32409.322266 41599.898438
  22            "z" 10611  29896.867188 37667.460938 31018.128906
  23           "aa" 12886  39922.292969 82071.484375 50428.968750
  24           "ch" 5709  28465.382813 27810.294922 20750.701172
  25           "dg"  232  1238.899658 1014.356323 800.261963
  26           "dj" 3597  11536.816406 11056.202148 10917.830078
  27           "dz"  284  976.879639 1095.032471 931.038086
  28           "ee" 6604  16213.395508 33617.636719 20159.029297
  29           "ii" 22811  60063.976563 78543.328125 61903.335938
  30           "n0"    0    0.000000   0.000000   0.000000
  31           "n1"    0    0.000000   0.000000   0.000000
  32           "n2"    0    0.000000   0.000000   0.000000
  33           "n3"    0    0.000000   0.000000   0.000000
  34           "n4"    0    0.000000   0.000000   0.000000
  35           "n5"    0    0.000000   0.000000   0.000000
  36           "mg"  172  523.873047 555.198181 478.512085
  37           "ng"  692  2151.721436 2260.789551 1801.591797
  38           "nj" 12506  42069.406250 32189.634766 35399.718750
  39           "oo"  267  1106.963135 1797.182739 1093.980347
  40           "rs" 3762  14081.610352 12472.590820 9177.882813
  41           "rz" 2991  9118.446289 10191.486328 8736.570313
  42           "sh" 6112  22240.085938 31586.828125 20202.074219
  43           "si" 34432  674562.437500 432688.812500 343118.750000
  44           "tj" 5250  22977.279297 17393.261719 11074.121094
  45           "ts" 8667  41345.671875 36066.039063 29351.011719
  46           "uu" 3902  13742.785156 18670.472656 13880.237305
  47           "zh" 4943  16068.960938 20581.589844 15373.372070
  48          "swa"    0    0.000000   0.000000   0.000000
