   1           "mj"   90  57682.949219
   2           "pb"   90  62295.968750
   3   "pavel_rada"   90  33900.972656
   4 "otomar_nemecek"   90  37412.960938
   5      "dvorsky"   90  39041.964844
   6 "martin_jiricek"   90  33287.957031
   7    "kounovsky"   90  31793.970703
   8       "vaclav"   90  36002.972656
   9        "tomas"   90  33682.949219
  10        "cerny"   90  64295.964844
  11        "smola"   90  26474.964844
  12        "fejgl"   90  27208.957031
  13        "kasal"   90  48582.968750
  14       "blazek"   90  51993.957031
  15 "frantisek_vlas"   90  39192.968750
  16      "nozicka"   90  40109.960938
  17     "motejlek"   90  59098.964844
  18 "martin_paroubek"  101  48157.964844
  19          "jan"   90  32215.974609
  20        "david"   90  32395.964844
  21          "mak"   90  63713.933594
  22          "mar"   91  58815.968750
  23         "mpch"   90  56948.972656
  24          "mfd"   90  80354.960938
  25          "mfl"   90  52031.949219
  26          "mjb"   91  51177.949219
  27          "mjl"   93  57113.972656
  28          "mjs"   90  64454.960938
  29          "mjt"   90  50864.968750
  30          "mkk"   90  75332.968750
  31          "mms"   89  46705.972656
  32          "mos"   90  57065.964844
  33          "mpm"   90  60392.953125
  34          "mpn"   90  77162.921875
  35          "mps"   90  66389.953125
  36          "mpz"   90  55841.960938
  37         "mps2"   90  56960.960938
  38          "mvl"   90  46018.957031
  39          "mzs"   90  73016.953125
  40         "mvl2"   92  59210.953125
  41      "polacek"   90  71610.953125
  42          "zab"   90  75743.976563
  43          "zas"   90  54749.968750
  44          "zbs"   90  65534.980469
  45          "zhl"   90  70040.968750
  46          "zhn"   90  46871.957031
  47          "zht"   90  60470.964844
  48          "zil"   88  60075.964844
  49          "zjh"   90  58616.968750
  50          "zjs"   90  51248.957031
  51          "zkc"   91  51273.964844
  52          "zkk"   90  57035.972656
  53          "zkn"   91  47281.968750
  54          "zkv"   90  68110.976563
  55          "zlg"   90  49289.957031
  56          "zlj"   90  77429.960938
  57          "zlk"   90  71771.960938
  58          "zlr"   90  55256.972656
  59          "zls"   90  68243.968750
  60          "zlt"   90  58004.964844
  61          "zmd"   90  61748.976563
  62          "zmh"   90  67382.968750
  63          "zmn"   90  70517.960938
  64          "zmt"   90  55829.968750
  65          "znm"   91  87495.968750
  66          "zrh"   90  71315.960938
  67          "zss"   90  49859.968750
  68          "ztk"   89  62839.980469
  69          "ztv"   88  52293.972656
  70  "michal_rott"   88  40029.949219
  71     "jan_hybs"   92  46759.953125
  72        "trnka"   90  40785.968750
  73 "martin_beranek"   87  38702.960938
  74      "safarik"   90  48739.972656
  75      "foldyna"   90  61136.929688
  76 "radek_safarik"   90  40434.953125
  77       "vratny"   90  57469.984375
  78    "svarovsky"   90  61343.960938
  79  "jan_kanajlo"   90  66352.968750
  80        "dutka"   90  53322.957031
  81   "ales_russe"   91  42642.964844
  82 "lukas_mateju"   91  31899.968750
  83        "vacek"   90  44891.945313
  84        "horky"   90  60902.968750
  85        "kolar"   90  57059.960938
  86       "breuer"   90  51769.949219
  87        "kovar"   90  41658.957031
  88      "linhart"   90  59159.972656
  89         "zkv2"   90  51173.964844
  90       "halada"   90  73912.960938
  91 "martin_kaiser"   90  41980.972656
  92  "zdenek_kybl"   90  33170.976563
  93      "chmelik"   90  55849.949219
  94         "zls2"   90  61757.972656
  95         "zss2"   90  50069.972656
