   1            "a" 38377  77566.218750 87583.960938 89080.546875
   2            "b" 9294  22021.757813 26856.917969 25026.675781
   3            "d" 17140  37313.605469 39754.207031 31122.748047
   4            "e" 55694  102045.382813 81263.828125 94341.945313
   5            "f" 3989  10038.267578 14937.465820 11117.487305
   6            "g" 2526  5422.943848 6123.247559 7552.070801
   7            "h" 7446  15466.879883 16880.677734 16439.876953
   8            "i" 35374  74277.132813 59691.992188 74528.171875
   9            "k" 19717  67007.289063 55662.394531 48536.339844
  10            "l" 24774  52189.613281 48849.066406 49855.187500
  11            "m" 18939  45143.707031 57518.414063 46156.242188
  12            "n" 25185  52211.593750 61817.789063 47401.148438
  13            "o" 45258  78110.062500 84730.906250 83643.523438
  14            "p" 19114  62556.382813 48443.011719 41986.992188
  15            "r" 19433  37366.277344 34683.757813 33104.902344
  16            "s" 26908  76529.093750 107730.062500 119252.101563
  17            "t" 27407  90594.984375 74306.515625 54826.421875
  18            "u" 17895  51313.585938 40522.925781 40419.753906
  19            "v" 21472  43929.250000 36998.660156 40831.433594
  20            "x" 5484  13510.674805 20383.390625 21758.210938
  21            "y" 16069  33094.636719 35131.460938 37667.144531
  22            "z" 10611  30921.085938 36982.675781 32735.960938
  23           "aa" 12886  40658.933594 80873.781250 49516.355469
  24           "ch" 5709  26356.269531 24212.236328 26056.955078
  25           "dg"  232  1384.285522 900.146790 766.627075
  26           "dj" 3597  12241.158203 11295.219727 10718.645508
  27           "dz"  284  1007.639221 1022.285156 1027.596802
  28           "ee" 6604  16744.451172 31921.156250 21153.537109
  29           "ii" 22811  72717.187500 67460.414063 59271.078125
  30           "n0"    0    0.000000   0.000000   0.000000
  31           "n1"    0    0.000000   0.000000   0.000000
  32           "n2"    0    0.000000   0.000000   0.000000
  33           "n3"    0    0.000000   0.000000   0.000000
  34           "n4"    0    0.000000   0.000000   0.000000
  35           "n5"    0    0.000000   0.000000   0.000000
  36           "mg"  172  551.934814 579.924805 489.714325
  37           "ng"  692  2927.965332 1926.700317 1704.174683
  38           "nj" 12506  39974.789063 33425.628906 37719.464844
  39           "oo"  267  1233.725708 1876.405884 877.137634
  40           "rs" 3762  12239.837891 13792.814453 9832.865234
  41           "rz" 2991  9147.203125 10584.115234 8732.773438
  42           "sh" 6112  21678.185547 31538.091797 21044.679688
  43           "si" 34432  454730.093750 317784.218750 677012.437500
  44           "tj" 5250  23497.658203 17770.132813 11203.166016
  45           "ts" 8667  36648.250000 37257.335938 31990.990234
  46           "uu" 3902  13269.099609 18004.363281 14184.018555
  47           "zh" 4943  15103.433594 17806.789063 19306.939453
  48          "swa"    0    0.000000   0.000000   0.000000
