   1           "mj"   23  14286.943359
   2           "pb"   23  15349.982422
   3   "pavel_rada"   23  8699.986328
   4 "otomar_nemecek"   23  11218.968750
   5      "dvorsky"   23  12469.976563
   6 "martin_jiricek"   23  9277.958984
   7    "kounovsky"   23  8311.979492
   8       "vaclav"   23  8419.989258
   9        "tomas"   23  8065.966309
  10        "cerny"   23  15786.977539
  11        "smola"   23  6622.974121
  12        "fejgl"   23  6451.973145
  13        "kasal"   23  10721.981445
  14       "blazek"   23  14345.971680
  15 "frantisek_vlas"   23  11439.981445
  16      "nozicka"   23  8945.970703
  17     "motejlek"   23  14844.985352
  18 "martin_paroubek"   26  12638.978516
  19          "jan"   23  8847.982422
  20        "david"   23  8473.976563
  21          "mak"   23  15760.952148
  22          "mar"   23  14695.972656
  23         "mpch"   23  14795.981445
  24          "mfd"   23  19564.972656
  25          "mfl"   23  14098.966797
  26          "mjb"   23  13363.965820
  27          "mjl"   24  15728.974609
  28          "mjs"   23  17323.978516
  29          "mjt"   23  13870.981445
  30          "mkk"   23  17875.968750
  31          "mms"   23  12739.979492
  32          "mos"   23  15610.977539
  33          "mpm"   23  15416.963867
  34          "mpn"   23  20422.966797
  35          "mps"   23  16687.968750
  36          "mpz"   23  15316.977539
  37         "mps2"   23  14281.976563
  38          "mvl"   23  11704.970703
  39          "mzs"   23  17821.962891
  40         "mvl2"   24  15959.958984
  41      "polacek"   23  19833.974609
  42          "zab"   23  19222.984375
  43          "zas"   23  14953.985352
  44          "zbs"   23  17182.986328
  45          "zhl"   23  19107.972656
  46          "zhn"   23  12994.974609
  47          "zht"   23  15202.979492
  48          "zil"   23  15532.980469
  49          "zjh"   23  15031.978516
  50          "zjs"   23  12913.975586
  51          "zkc"   23  13600.976563
  52          "zkk"   23  14251.978516
  53          "zkn"   23  12944.978516
  54          "zkv"   23  16321.982422
  55          "zlg"   23  12433.979492
  56          "zlj"   23  18652.974609
  57          "zlk"   23  18055.970703
  58          "zlr"   23  14593.981445
  59          "zls"   23  18064.984375
  60          "zlt"   23  14920.985352
  61          "zmd"   23  16060.987305
  62          "zmh"   23  17089.984375
  63          "zmn"   23  18142.968750
  64          "zmt"   23  14275.984375
  65          "znm"   23  22483.978516
  66          "zrh"   23  17932.978516
  67          "zss"   23  13624.981445
  68          "ztk"   23  15787.981445
  69          "ztv"   23  13534.980469
  70  "michal_rott"   23  10174.973633
  71     "jan_hybs"   24  13243.966797
  72        "trnka"   23  10374.965820
  73 "martin_beranek"   22  9441.967773
  74      "safarik"   23  12214.985352
  75      "foldyna"   23  16955.978516
  76 "radek_safarik"   23  10975.980469
  77       "vratny"   23  14164.985352
  78    "svarovsky"   23  15416.971680
  79  "jan_kanajlo"   23  17354.974609
  80        "dutka"   23  12689.973633
  81   "ales_russe"   23  10969.972656
  82 "lukas_mateju"   23  8875.974609
  83        "vacek"   23  12470.971680
  84        "horky"   23  14241.979492
  85        "kolar"   23  12112.986328
  86       "breuer"   23  14933.979492
  87        "kovar"   23  10368.977539
  88      "linhart"   23  15006.974609
  89         "zkv2"   23  13663.973633
  90       "halada"   23  18199.978516
  91 "martin_kaiser"   23  11044.979492
  92  "zdenek_kybl"   23  8751.980469
  93      "chmelik"   23  13401.976563
  94         "zls2"   23  15106.978516
  95         "zss2"   23  14158.980469
