   1            "a" 38377  76253.273438 83480.781250 85169.828125
   2            "b" 9294  23421.757813 26411.910156 26208.781250
   3            "d" 17140  38635.062500 39556.289063 32012.238281
   4            "e" 55694  99834.648438 77581.179688 89983.781250
   5            "f" 3989  10434.332031 14599.764648 11639.217773
   6            "g" 2526  6002.103516 6444.229004 7184.272949
   7            "h" 7446  16138.907227 16809.339844 16864.923828
   8            "i" 35374  72587.437500 58645.503906 73918.242188
   9            "k" 19717  66410.257813 56083.355469 51915.492188
  10            "l" 24774  55061.898438 48319.523438 49528.210938
  11            "m" 18939  47567.968750 55488.964844 50532.722656
  12            "n" 25185  55891.472656 60136.203125 51160.785156
  13            "o" 45258  78296.039063 79832.023438 84453.828125
  14            "p" 19114  62917.328125 49052.332031 42756.691406
  15            "r" 19433  38008.132813 35895.152344 33048.089844
  16            "s" 26908  81175.335938 109300.335938 112095.156250
  17            "t" 27407  91375.093750 69837.406250 58667.613281
  18            "u" 17895  51426.070313 38655.144531 42938.207031
  19            "v" 21472  44458.015625 39895.515625 40804.886719
  20            "x" 5484  14251.262695 21345.962891 21755.787109
  21            "y" 16069  34412.652344 34549.296875 36776.492188
  22            "z" 10611  33047.421875 36764.117188 32822.152344
  23           "aa" 12886  40967.273438 76799.976563 48756.796875
  24           "ch" 5709  27030.982422 25368.341797 25883.083984
  25           "dg"  232  1442.910400 948.633972 829.423035
  26           "dj" 3597  12608.338867 11811.583984 10917.821289
  27           "dz"  284  1025.816040 1053.514160 1052.666016
  28           "ee" 6604  17519.974609 29823.417969 20890.667969
  29           "ii" 22811  72997.148438 63071.671875 60005.500000
  30           "n0"    0    0.000000   0.000000   0.000000
  31           "n1"    0    0.000000   0.000000   0.000000
  32           "n2"    0    0.000000   0.000000   0.000000
  33           "n3"    0    0.000000   0.000000   0.000000
  34           "n4"    0    0.000000   0.000000   0.000000
  35           "n5"    0    0.000000   0.000000   0.000000
  36           "mg"  172  577.435303 583.311890 500.041199
  37           "ng"  692  2939.647949 2023.217896 1817.756104
  38           "nj" 12506  40455.773438 34668.621094 38713.953125
  39           "oo"  267  1238.394897 1799.755615 955.911560
  40           "rs" 3762  13063.292969 13330.186523 10071.076172
  41           "rz" 2991  9810.813477 10667.444336 9223.285156
  42           "sh" 6112  22733.593750 30874.011719 22085.509766
  43           "si" 34432  449276.812500 328814.093750 662201.625000
  44           "tj" 5250  22804.351563 18061.753906 12343.262695
  45           "ts" 8667  36356.066406 38034.234375 31411.683594
  46           "uu" 3902  14427.038086 17615.509766 14345.498047
  47           "zh" 4943  16286.784180 18305.835938 19824.351563
  48          "swa"    0    0.000000   0.000000   0.000000
