   1           "mj"   90  57682.996094
   2           "pb"   90  62295.996094
   3   "pavel_rada"   90  33900.996094
   4 "otomar_nemecek"   90  37413.000000
   5      "dvorsky"   90  39042.000000
   6 "martin_jiricek"   90  33287.996094
   7    "kounovsky"   90  31793.998047
   8       "vaclav"   90  36002.996094
   9        "tomas"   90  33683.000000
  10        "cerny"   90  64295.996094
  11        "smola"   90  26474.998047
  12        "fejgl"   90  27208.998047
  13        "kasal"   90  48583.000000
  14       "blazek"   90  51994.000000
  15 "frantisek_vlas"   90  39192.996094
  16      "nozicka"   90  40109.996094
  17     "motejlek"   90  59099.000000
  18 "martin_paroubek"  101  48158.000000
  19          "jan"   90  32215.996094
  20        "david"   90  32395.998047
  21          "mak"   90  63713.996094
  22          "mar"   91  58815.996094
  23         "mpch"   90  56949.000000
  24          "mfd"   90  80355.000000
  25          "mfl"   90  52032.000000
  26          "mjb"   91  51178.000000
  27          "mjl"   93  57113.996094
  28          "mjs"   90  64454.996094
  29          "mjt"   90  50864.996094
  30          "mkk"   90  75332.992188
  31          "mms"   89  46705.996094
  32          "mos"   90  57066.000000
  33          "mpm"   90  60392.996094
  34          "mpn"   90  77162.992188
  35          "mps"   90  66390.000000
  36          "mpz"   90  55842.000000
  37         "mps2"   90  56960.996094
  38          "mvl"   90  46018.996094
  39          "mzs"   90  73017.000000
  40         "mvl2"   92  59210.996094
  41      "polacek"   90  71610.992188
  42          "zab"   90  75743.992188
  43          "zas"   90  54749.996094
  44          "zbs"   90  65534.996094
  45          "zhl"   90  70041.000000
  46          "zhn"   90  46871.996094
  47          "zht"   90  60471.000000
  48          "zil"   88  60076.000000
  49          "zjh"   90  58616.996094
  50          "zjs"   90  51248.996094
  51          "zkc"   91  51274.000000
  52          "zkk"   90  57035.996094
  53          "zkn"   91  47281.996094
  54          "zkv"   90  68111.000000
  55          "zlg"   90  49289.996094
  56          "zlj"   90  77430.000000
  57          "zlk"   90  71771.992188
  58          "zlr"   90  55257.000000
  59          "zls"   90  68244.000000
  60          "zlt"   90  58005.000000
  61          "zmd"   90  61748.996094
  62          "zmh"   90  67383.000000
  63          "zmn"   90  70518.000000
  64          "zmt"   90  55829.996094
  65          "znm"   91  87495.992188
  66          "zrh"   90  71316.000000
  67          "zss"   90  49859.996094
  68          "ztk"   89  62839.996094
  69          "ztv"   88  52293.996094
  70  "michal_rott"   88  40030.000000
  71     "jan_hybs"   92  46760.000000
  72        "trnka"   90  40785.996094
  73 "martin_beranek"   87  38702.996094
  74      "safarik"   90  48739.996094
  75      "foldyna"   90  61136.996094
  76 "radek_safarik"   90  40434.996094
  77       "vratny"   90  57469.996094
  78    "svarovsky"   90  61343.996094
  79  "jan_kanajlo"   90  66352.992188
  80        "dutka"   90  53323.000000
  81   "ales_russe"   91  42642.996094
  82 "lukas_mateju"   91  31899.998047
  83        "vacek"   90  44892.000000
  84        "horky"   90  60902.996094
  85        "kolar"   90  57060.000000
  86       "breuer"   90  51769.996094
  87        "kovar"   90  41659.000000
  88      "linhart"   90  59159.996094
  89         "zkv2"   90  51173.996094
  90       "halada"   90  73912.992188
  91 "martin_kaiser"   90  41980.996094
  92  "zdenek_kybl"   90  33170.996094
  93      "chmelik"   90  55850.000000
  94         "zls2"   90  61757.996094
  95         "zss2"   90  50069.996094
