   1            "a" 38377  89949.898438 104987.601563 82364.914063
   2            "b" 9294  31034.136719 19776.818359 19256.164063
   3            "d" 17140  33236.269531 27321.806641 41920.011719
   4            "e" 55694  100856.687500 112213.015625 92477.945313
   5            "f" 3989  10024.990234 15436.834961 9767.163086
   6            "g" 2526  5615.442871 5987.920898 7313.649902
   7            "h" 7446  14283.589844 17762.439453 16885.001953
   8            "i" 35374  62805.320313 84147.578125 69480.718750
   9            "k" 19717  61521.968750 41230.890625 60589.234375
  10            "l" 24774  46727.687500 58000.191406 48754.820313
  11            "m" 18939  35831.859375 62044.867188 41850.652344
  12            "n" 25185  46884.281250 53876.621094 51828.265625
  13            "o" 45258  82618.835938 95737.554688 86666.257813
  14            "p" 19114  77299.203125 40366.574219 37389.703125
  15            "r" 19433  37150.898438 36271.476563 31568.925781
  16            "s" 26908  87833.210938 132581.609375 82161.117188
  17            "t" 27407  84273.890625 59204.472656 71029.750000
  18            "u" 17895  38196.789063 56856.070313 43968.253906
  19            "v" 21472  38393.417969 39397.300781 37776.492188
  20            "x" 5484  12306.899414 23816.009766 15825.088867
  21            "y" 16069  30585.724609 27579.292969 49723.609375
  22            "z" 10611  26670.955078 42791.269531 26087.091797
  23           "aa" 12886  44588.722656 80988.921875 53333.535156
  24           "ch" 5709  26095.410156 27515.621094 20262.367188
  25           "dg"  232  1281.085083 1052.079834 730.924866
  26           "dj" 3597  11089.501953 11234.200195 9820.875977
  27           "dz"  284  884.117737 1191.830566 854.536804
  28           "ee" 6604  17078.132813 33934.105469 21912.302734
  29           "ii" 22811  51724.234375 92668.546875 60207.195313
  30           "n0"    0    0.000000   0.000000   0.000000
  31           "n1"    0    0.000000   0.000000   0.000000
  32           "n2"    0    0.000000   0.000000   0.000000
  33           "n3"    0    0.000000   0.000000   0.000000
  34           "n4"    0    0.000000   0.000000   0.000000
  35           "n5"    0    0.000000   0.000000   0.000000
  36           "mg"  172  459.116699 654.237183 384.587097
  37           "ng"  692  1837.489014 2433.340332 1819.017090
  38           "nj" 12506  38918.636719 27490.125000 30130.152344
  39           "oo"  267  1146.665771 1929.249634 1121.306885
  40           "rs" 3762  12968.732422 14178.526367 6883.948242
  41           "rz" 2991  9081.097656 11134.966797 6119.697266
  42           "sh" 6112  19932.679688 31689.699219 19207.763672
  43           "si" 34432  699924.000000 268826.281250 466562.187500
  44           "tj" 5250  23043.539063 18420.312500 8494.340820
  45           "ts" 8667  39090.296875 36125.722656 27777.148438
  46           "uu" 3902  12301.402344 20854.826172 13452.019531
  47           "zh" 4943  14403.807617 21843.205078 12630.635742
  48          "swa"    0    0.000000   0.000000   0.000000
