   1            "a" 38377  77122.109375 85346.914063 88243.796875
   2            "b" 9294  22345.476563 26582.195313 25717.191406
   3            "d" 17140  37810.085938 39470.496094 31607.554688
   4            "e" 55694  101597.945313 79504.421875 93362.281250
   5            "f" 3989  10180.448242 14820.265625 11309.218750
   6            "g" 2526  5711.208008 6134.716309 7476.719238
   7            "h" 7446  15656.423828 16997.623047 16397.888672
   8            "i" 35374  74572.867188 58572.906250 74380.179688
   9            "k" 19717  66267.867188 56013.386719 49479.675781
  10            "l" 24774  53127.765625 48748.742188 49940.804688
  11            "m" 18939  46010.531250 56304.707031 48623.343750
  12            "n" 25185  53761.882813 61260.421875 48854.210938
  13            "o" 45258  78481.195313 83271.539063 82848.984375
  14            "p" 19114  61840.195313 48675.554688 42590.164063
  15            "r" 19433  37694.066406 35313.707031 32800.675781
  16            "s" 26908  77545.421875 108114.054688 117693.375000
  17            "t" 27407  90493.804688 71650.289063 57231.902344
  18            "u" 17895  51491.269531 39420.332031 41405.230469
  19            "v" 21472  43798.492188 37859.890625 40973.667969
  20            "x" 5484  13677.537109 21193.316406 21334.359375
  21            "y" 16069  34322.804688 34158.660156 37911.601563
  22            "z" 10611  31921.855469 37097.007813 32347.005859
  23           "aa" 12886  40549.480469 79538.414063 49492.351563
  24           "ch" 5709  26602.912109 24862.365234 26232.919922
  25           "dg"  232  1440.381226 901.175842 802.210449
  26           "dj" 3597  12393.884766 11512.698242 10834.995117
  27           "dz"  284  1007.071350 1045.746582 1022.009399
  28           "ee" 6604  16702.435547 31350.935547 21132.453125
  29           "ii" 22811  73322.812500 65428.902344 59988.750000
  30           "n0"    0    0.000000   0.000000   0.000000
  31           "n1"    0    0.000000   0.000000   0.000000
  32           "n2"    0    0.000000   0.000000   0.000000
  33           "n3"    0    0.000000   0.000000   0.000000
  34           "n4"    0    0.000000   0.000000   0.000000
  35           "n5"    0    0.000000   0.000000   0.000000
  36           "mg"  172  550.714294 584.729614 487.076904
  37           "ng"  692  2931.967285 1938.961548 1752.930908
  38           "nj" 12506  40346.476563 33712.023438 38075.742188
  39           "oo"  267  1224.550415 1835.851440 912.803162
  40           "rs" 3762  12652.691406 13554.336914 9964.651367
  41           "rz" 2991  9412.712891 10671.801758 8917.844727
  42           "sh" 6112  22192.576172 31419.191406 21513.029297
  43           "si" 34432  457676.375000 312771.937500 675074.687500
  44           "tj" 5250  23168.261719 17804.039063 11721.142578
  45           "ts" 8667  36410.023438 37369.953125 31980.187500
  46           "uu" 3902  13561.373047 17712.148438 14168.539063
  47           "zh" 4943  15392.759766 18131.539063 19413.431641
  48          "swa"    0    0.000000   0.000000   0.000000
