   1            "a" 38377  79252.507813 99799.554688 90237.796875
   2            "b" 9294  20879.314453 27082.777344 23331.726563
   3            "d" 17140  32550.511719 36273.417969 34398.253906
   4            "e" 55694  109013.257813 88361.648438 99745.570313
   5            "f" 3989  9613.458984 13120.819336 11755.595703
   6            "g" 2526  5183.579102 5826.281250 7452.791504
   7            "h" 7446  16626.978516 15396.221680 15438.993164
   8            "i" 35374  74253.601563 67140.062500 74248.828125
   9            "k" 19717  56247.027344 57406.019531 52139.261719
  10            "l" 24774  49569.222656 53438.945313 52533.476563
  11            "m" 18939  38880.117188 58870.199219 45157.675781
  12            "n" 25185  51510.355469 56290.558594 48245.183594
  13            "o" 45258  81513.328125 94416.375000 80917.078125
  14            "p" 19114  53757.628906 59621.656250 33905.011719
  15            "r" 19433  36836.843750 32375.906250 35133.761719
  16            "s" 26908  72552.546875 87501.992188 141881.359375
  17            "t" 27407  69692.085938 84524.148438 57567.515625
  18            "u" 17895  54716.714844 40984.246094 40194.339844
  19            "v" 21472  35794.125000 36597.917969 39508.164063
  20            "x" 5484  13599.961914 18907.937500 21742.236328
  21            "y" 16069  32871.839844 37542.886719 38712.535156
  22            "z" 10611  29211.263672 31645.115234 37404.187500
  23           "aa" 12886  42946.160156 82357.453125 50758.707031
  24           "ch" 5709  25936.625000 19983.123047 28830.650391
  25           "dg"  232  1316.734253 881.774719 822.621338
  26           "dj" 3597  11778.520508 11125.751953 10314.214844
  27           "dz"  284  907.588135 955.962341 960.622498
  28           "ee" 6604  16806.429688 33420.210938 20717.761719
  29           "ii" 22811  65762.523438 73453.625000 60582.589844
  30           "n0"    0    0.000000   0.000000   0.000000
  31           "n1"    0    0.000000   0.000000   0.000000
  32           "n2"    0    0.000000   0.000000   0.000000
  33           "n3"    0    0.000000   0.000000   0.000000
  34           "n4"    0    0.000000   0.000000   0.000000
  35           "n5"    0    0.000000   0.000000   0.000000
  36           "mg"  172  502.930389 636.337952 501.305725
  37           "ng"  692  2990.903809 1963.749146 1548.102173
  38           "nj" 12506  34769.203125 35129.250000 37536.503906
  39           "oo"  267  1155.046875 1871.677734 1005.446106
  40           "rs" 3762  11309.712891 16395.687500 8139.398926
  41           "rz" 2991  8609.020508 10642.986328 7946.574707
  42           "sh" 6112  20598.851563 28772.220703 22958.078125
  43           "si" 34432  410539.343750 308540.656250 734669.812500
  44           "tj" 5250  22967.386719 18256.826172 10476.824219
  45           "ts" 8667  33458.214844 30656.734375 37615.175781
  46           "uu" 3902  12761.836914 20148.908203 12326.408203
  47           "zh" 4943  14353.915039 15557.696289 20711.031250
  48          "swa"    0    0.000000   0.000000   0.000000
