   1           "mj"   90  57682.996094
   2           "pb"   90  62295.996094
   3   "pavel_rada"   90  33901.000000
   4 "otomar_nemecek"   90  37412.996094
   5      "dvorsky"   90  39042.000000
   6 "martin_jiricek"   90  33287.996094
   7    "kounovsky"   90  31794.000000
   8       "vaclav"   90  36003.000000
   9        "tomas"   90  33683.000000
  10        "cerny"   90  64295.996094
  11        "smola"   90  26474.998047
  12        "fejgl"   90  27208.998047
  13        "kasal"   90  48583.000000
  14       "blazek"   90  51993.996094
  15 "frantisek_vlas"   90  39192.996094
  16      "nozicka"   90  40110.000000
  17     "motejlek"   90  59099.000000
  18 "martin_paroubek"  101  48157.996094
  19          "jan"   90  32215.998047
  20        "david"   90  32395.998047
  21          "mak"   90  63713.996094
  22          "mar"   91  58815.996094
  23         "mpch"   90  56949.000000
  24          "mfd"   90  80354.992188
  25          "mfl"   90  52031.996094
  26          "mjb"   91  51177.996094
  27          "mjl"   93  57114.000000
  28          "mjs"   90  64454.996094
  29          "mjt"   90  50865.000000
  30          "mkk"   90  75332.992188
  31          "mms"   89  46705.996094
  32          "mos"   90  57065.996094
  33          "mpm"   90  60392.996094
  34          "mpn"   90  77163.000000
  35          "mps"   90  66390.000000
  36          "mpz"   90  55842.000000
  37         "mps2"   90  56961.000000
  38          "mvl"   90  46018.996094
  39          "mzs"   90  73016.992188
  40         "mvl2"   92  59210.996094
  41      "polacek"   90  71610.992188
  42          "zab"   90  75744.000000
  43          "zas"   90  54750.000000
  44          "zbs"   90  65535.000000
  45          "zhl"   90  70041.000000
  46          "zhn"   90  46871.996094
  47          "zht"   90  60470.996094
  48          "zil"   88  60075.996094
  49          "zjh"   90  58616.996094
  50          "zjs"   90  51248.996094
  51          "zkc"   91  51273.996094
  52          "zkk"   90  57035.996094
  53          "zkn"   91  47282.000000
  54          "zkv"   90  68111.000000
  55          "zlg"   90  49289.996094
  56          "zlj"   90  77430.000000
  57          "zlk"   90  71771.992188
  58          "zlr"   90  55257.000000
  59          "zls"   90  68244.000000
  60          "zlt"   90  58005.000000
  61          "zmd"   90  61748.996094
  62          "zmh"   90  67383.000000
  63          "zmn"   90  70518.000000
  64          "zmt"   90  55830.000000
  65          "znm"   91  87496.000000
  66          "zrh"   90  71316.000000
  67          "zss"   90  49859.996094
  68          "ztk"   89  62840.000000
  69          "ztv"   88  52293.996094
  70  "michal_rott"   88  40030.000000
  71     "jan_hybs"   92  46759.992188
  72        "trnka"   90  40786.000000
  73 "martin_beranek"   87  38702.996094
  74      "safarik"   90  48740.000000
  75      "foldyna"   90  61136.996094
  76 "radek_safarik"   90  40435.000000
  77       "vratny"   90  57470.000000
  78    "svarovsky"   90  61343.996094
  79  "jan_kanajlo"   90  66353.000000
  80        "dutka"   90  53322.996094
  81   "ales_russe"   91  42642.996094
  82 "lukas_mateju"   91  31899.996094
  83        "vacek"   90  44892.000000
  84        "horky"   90  60903.000000
  85        "kolar"   90  57059.996094
  86       "breuer"   90  51770.000000
  87        "kovar"   90  41659.000000
  88      "linhart"   90  59159.996094
  89         "zkv2"   90  51174.000000
  90       "halada"   90  73913.000000
  91 "martin_kaiser"   90  41981.000000
  92  "zdenek_kybl"   90  33170.996094
  93      "chmelik"   90  55849.996094
  94         "zls2"   90  61758.000000
  95         "zss2"   90  50070.000000
