   1           "mj"   23  14286.973633
   2           "pb"   23  15349.976563
   3   "pavel_rada"   23  8699.986328
   4 "otomar_nemecek"   23  11218.979492
   5      "dvorsky"   23  12469.974609
   6 "martin_jiricek"   23  9277.974609
   7    "kounovsky"   23  8311.981445
   8       "vaclav"   23  8419.982422
   9        "tomas"   23  8065.971191
  10        "cerny"   23  15786.978516
  11        "smola"   23  6622.984375
  12        "fejgl"   23  6451.975586
  13        "kasal"   23  10721.981445
  14       "blazek"   23  14345.978516
  15 "frantisek_vlas"   23  11439.978516
  16      "nozicka"   23  8945.986328
  17     "motejlek"   23  14844.976563
  18 "martin_paroubek"   26  12638.980469
  19          "jan"   23  8847.986328
  20        "david"   23  8473.976563
  21          "mak"   23  15760.966797
  22          "mar"   23  14695.984375
  23         "mpch"   23  14795.984375
  24          "mfd"   23  19564.980469
  25          "mfl"   23  14098.974609
  26          "mjb"   23  13363.975586
  27          "mjl"   24  15728.978516
  28          "mjs"   23  17323.980469
  29          "mjt"   23  13870.983398
  30          "mkk"   23  17875.978516
  31          "mms"   23  12739.983398
  32          "mos"   23  15610.978516
  33          "mpm"   23  15416.972656
  34          "mpn"   23  20422.958984
  35          "mps"   23  16687.974609
  36          "mpz"   23  15316.974609
  37         "mps2"   23  14281.982422
  38          "mvl"   23  11704.976563
  39          "mzs"   23  17821.974609
  40         "mvl2"   24  15959.972656
  41      "polacek"   23  19833.974609
  42          "zab"   23  19222.986328
  43          "zas"   23  14953.982422
  44          "zbs"   23  17182.984375
  45          "zhl"   23  19107.980469
  46          "zhn"   23  12994.974609
  47          "zht"   23  15202.981445
  48          "zil"   23  15532.980469
  49          "zjh"   23  15031.984375
  50          "zjs"   23  12913.973633
  51          "zkc"   23  13600.981445
  52          "zkk"   23  14251.985352
  53          "zkn"   23  12944.979492
  54          "zkv"   23  16321.981445
  55          "zlg"   23  12433.981445
  56          "zlj"   23  18652.980469
  57          "zlk"   23  18055.980469
  58          "zlr"   23  14593.984375
  59          "zls"   23  18064.984375
  60          "zlt"   23  14920.979492
  61          "zmd"   23  16060.984375
  62          "zmh"   23  17089.984375
  63          "zmn"   23  18142.980469
  64          "zmt"   23  14275.983398
  65          "znm"   23  22483.986328
  66          "zrh"   23  17932.980469
  67          "zss"   23  13624.984375
  68          "ztk"   23  15787.985352
  69          "ztv"   23  13534.981445
  70  "michal_rott"   23  10174.974609
  71     "jan_hybs"   24  13243.971680
  72        "trnka"   23  10374.979492
  73 "martin_beranek"   22  9441.977539
  74      "safarik"   23  12214.978516
  75      "foldyna"   23  16955.958984
  76 "radek_safarik"   23  10975.970703
  77       "vratny"   23  14164.992188
  78    "svarovsky"   23  15416.972656
  79  "jan_kanajlo"   23  17354.982422
  80        "dutka"   23  12689.976563
  81   "ales_russe"   23  10969.982422
  82 "lukas_mateju"   23  8875.986328
  83        "vacek"   23  12470.971680
  84        "horky"   23  14241.973633
  85        "kolar"   23  12112.973633
  86       "breuer"   23  14933.969727
  87        "kovar"   23  10368.976563
  88      "linhart"   23  15006.982422
  89         "zkv2"   23  13663.982422
  90       "halada"   23  18199.982422
  91 "martin_kaiser"   23  11044.983398
  92  "zdenek_kybl"   23  8751.983398
  93      "chmelik"   23  13401.969727
  94         "zls2"   23  15106.984375
  95         "zss2"   23  14158.982422
