   1            "a" 38377  83928.859375 98607.218750 83105.171875
   2            "b" 9294  31111.535156 20401.484375 19782.732422
   3            "d" 17140  32863.281250 28709.785156 42249.781250
   4            "e" 55694  98734.398438 104321.484375 85992.773438
   5            "f" 3989  10021.370117 15635.884766 9207.506836
   6            "g" 2526  5957.609863 5584.119629 7201.037598
   7            "h" 7446  14429.629883 17593.216797 16413.642578
   8            "i" 35374  59275.500000 79318.843750 69656.171875
   9            "k" 19717  61924.093750 43243.105469 62794.585938
  10            "l" 24774  48945.160156 52787.062500 51193.386719
  11            "m" 18939  38243.222656 59986.375000 44144.140625
  12            "n" 25185  46449.363281 55017.308594 55194.007813
  13            "o" 45258  84473.296875 92718.085938 82006.304688
  14            "p" 19114  72468.250000 44070.894531 37920.910156
  15            "r" 19433  37439.820313 34755.628906 33060.765625
  16            "s" 26908  89806.460938 126890.750000 86282.968750
  17            "t" 27407  81690.554688 62321.398438 73950.078125
  18            "u" 17895  37771.554688 54600.835938 44146.792969
  19            "v" 21472  39133.261719 39203.132813 38717.593750
  20            "x" 5484  13654.918945 22866.324219 17235.869141
  21            "y" 16069  31320.873047 30921.136719 45555.773438
  22            "z" 10611  27067.166016 39411.523438 28957.587891
  23           "aa" 12886  43298.375000 80402.046875 51967.218750
  24           "ch" 5709  27740.552734 26864.378906 20654.353516
  25           "dg"  232  1229.089966 1002.751160 773.388184
  26           "dj" 3597  10429.313477 11200.078125 10643.765625
  27           "dz"  284  939.633667 1154.597656 867.916138
  28           "ee" 6604  16267.178711 34774.390625 20910.837891
  29           "ii" 22811  54596.300781 86828.312500 61360.882813
  30           "n0"    0    0.000000   0.000000   0.000000
  31           "n1"    0    0.000000   0.000000   0.000000
  32           "n2"    0    0.000000   0.000000   0.000000
  33           "n3"    0    0.000000   0.000000   0.000000
  34           "n4"    0    0.000000   0.000000   0.000000
  35           "n5"    0    0.000000   0.000000   0.000000
  36           "mg"  172  514.102051 581.582092 452.564178
  37           "ng"  692  2029.514282 2343.665283 1744.454590
  38           "nj" 12506  39949.015625 29039.144531 32432.640625
  39           "oo"  267  1100.441650 1904.107666 1119.078735
  40           "rs" 3762  13113.665039 12948.480469 8570.430664
  41           "rz" 2991  8856.208984 10522.477539 7563.058105
  42           "sh" 6112  21384.177734 31882.541016 19101.447266
  43           "si" 34432  691970.375000 311399.031250 451829.562500
  44           "tj" 5250  22961.011719 17485.927734 9810.768555
  45           "ts" 8667  41632.738281 36284.238281 28310.144531
  46           "uu" 3902  12607.372070 19802.136719 13632.208984
  47           "zh" 4943  14097.261719 21349.443359 13155.114258
  48          "swa"    0    0.000000   0.000000   0.000000
