   1            "a" 38377  77572.750000 90779.117188 89634.476563
   2            "b" 9294  21457.960938 27254.880859 24175.304688
   3            "d" 17140  36212.300781 40689.765625 30296.869141
   4            "e" 55694  103135.578125 82234.640625 96436.843750
   5            "f" 3989  9971.653320 14871.692383 10920.210938
   6            "g" 2526  5199.311523 6068.891602 7572.820801
   7            "h" 7446  15264.068359 16726.369141 16384.121094
   8            "i" 35374  74832.617188 59516.062500 73755.968750
   9            "k" 19717  65424.800781 56177.980469 47878.843750
  10            "l" 24774  51590.750000 49030.437500 50360.800781
  11            "m" 18939  43688.949219 57491.667969 45227.343750
  12            "n" 25185  50167.253906 62144.937500 46664.078125
  13            "o" 45258  80176.000000 86107.515625 83768.000000
  14            "p" 19114  62625.007813 49512.152344 40381.695313
  15            "r" 19433  37292.789063 33631.394531 33363.960938
  16            "s" 26908  76853.250000 101983.070313 124300.070313
  17            "t" 27407  89603.187500 77867.109375 51951.214844
  18            "u" 17895  50675.339844 41270.824219 40927.054688
  19            "v" 21472  42922.921875 36635.320313 40268.214844
  20            "x" 5484  13549.370117 19855.220703 22152.417969
  21            "y" 16069  32825.378906 35371.906250 37732.792969
  22            "z" 10611  29886.685547 37401.503906 32249.513672
  23           "aa" 12886  40821.953125 82760.468750 49290.832031
  24           "ch" 5709  26730.783203 22929.974609 26453.187500
  25           "dg"  232  1350.821411 864.146057 771.547791
  26           "dj" 3597  11856.278320 11344.138672 10548.916016
  27           "dz"  284  962.407410 1029.413696 1005.701904
  28           "ee" 6604  16786.830078 32465.107422 20703.244141
  29           "ii" 22811  70983.156250 68816.218750 59444.617188
  30           "n0"    0    0.000000   0.000000   0.000000
  31           "n1"    0    0.000000   0.000000   0.000000
  32           "n2"    0    0.000000   0.000000   0.000000
  33           "n3"    0    0.000000   0.000000   0.000000
  34           "n4"    0    0.000000   0.000000   0.000000
  35           "n5"    0    0.000000   0.000000   0.000000
  36           "mg"  172  546.003967 574.724182 479.330078
  37           "ng"  692  2965.943848 1838.854980 1666.886719
  38           "nj" 12506  39203.656250 33266.843750 37350.433594
  39           "oo"  267  1218.697998 1914.527832 860.833313
  40           "rs" 3762  11882.166016 13876.177734 9642.324219
  41           "rz" 2991  8749.323242 10622.621094 8676.359375
  42           "sh" 6112  21412.474609 31365.958984 20938.595703
  43           "si" 34432  447321.406250 332011.906250 676699.687500
  44           "tj" 5250  23799.568359 17715.603516 10503.742188
  45           "ts" 8667  37240.820313 36466.074219 32367.646484
  46           "uu" 3902  13218.517578 18438.259766 13679.752930
  47           "zh" 4943  14570.681641 17081.390625 19670.375000
  48          "swa"    0    0.000000   0.000000   0.000000
