   1            "a" 38377  87789.539063 123520.679688 84531.828125
   2            "b" 9294  31152.410156 19151.699219 17181.068359
   3            "d" 17140  35196.753906 27527.171875 34466.644531
   4            "e" 55694  89671.359375 126323.898438 99510.492188
   5            "f" 3989  8577.901367 15915.943359 10501.010742
   6            "g" 2526  5591.087891 5141.696289 7799.486816
   7            "h" 7446  13934.313477 17556.279297 19359.736328
   8            "i" 35374  58525.441406 86863.546875 76202.054688
   9            "k" 19717  67093.023438 36415.382813 59659.507813
  10            "l" 24774  39302.316406 60833.949219 50323.636719
  11            "m" 18939  34733.285156 62099.804688 41508.292969
  12            "n" 25185  51701.792969 49886.488281 40355.617188
  13            "o" 45258  86538.984375 105431.250000 82240.914063
  14            "p" 19114  77428.375000 36513.277344 37617.218750
  15            "r" 19433  36649.695313 34389.027344 31110.193359
  16            "s" 26908  80954.429688 140315.906250 83940.070313
  17            "t" 27407  87651.210938 53065.542969 72330.109375
  18            "u" 17895  36596.132813 64580.160156 39756.976563
  19            "v" 21472  41257.316406 35618.734375 32928.457031
  20            "x" 5484  12913.613281 23627.927734 15926.930664
  21            "y" 16069  30342.029297 26663.599609 60712.648438
  22            "z" 10611  28403.675781 38533.144531 27347.095703
  23           "aa" 12886  39501.289063 92886.507813 49174.265625
  24           "ch" 5709  27185.337891 27226.718750 19412.187500
  25           "dg"  232  1318.005127 1041.162354 729.265930
  26           "dj" 3597  10722.434570 11512.904297 8246.648438
  27           "dz"  284  864.238342 1029.663940 924.253784
  28           "ee" 6604  15564.349609 36522.136719 21017.074219
  29           "ii" 22811  44633.464844 90345.851563 63220.320313
  30           "n0"    0    0.000000   0.000000   0.000000
  31           "n1"    0    0.000000   0.000000   0.000000
  32           "n2"    0    0.000000   0.000000   0.000000
  33           "n3"    0    0.000000   0.000000   0.000000
  34           "n4"    0    0.000000   0.000000   0.000000
  35           "n5"    0    0.000000   0.000000   0.000000
  36           "mg"  172  413.525055 711.544373 351.553833
  37           "ng"  692  1833.650391 2581.947754 1633.066650
  38           "nj" 12506  34572.093750 33106.304688 30044.132813
  39           "oo"  267  1138.607422 2127.080078 1033.775879
  40           "rs" 3762  12935.279297 14328.095703 6981.297852
  41           "rz" 2991  9092.873047 10355.902344 6230.789063
  42           "sh" 6112  19249.203125 31966.146484 20311.289063
  43           "si" 34432  391719.656250 220305.093750 806352.125000
  44           "tj" 5250  22661.916016 17476.568359 8905.213867
  45           "ts" 8667  38119.921875 39809.769531 26441.320313
  46           "uu" 3902  11665.566406 21767.398438 12665.118164
  47           "zh" 4943  15513.148438 20454.957031 12753.099609
  48          "swa"    0    0.000000   0.000000   0.000000
