   1           "mj"   46  27932.953125
   2           "pb"   46  31839.972656
   3   "pavel_rada"   46  17138.984375
   4 "otomar_nemecek"   46  22512.972656
   5      "dvorsky"   46  22513.978516
   6 "martin_jiricek"   46  18099.953125
   7    "kounovsky"   46  16214.976563
   8       "vaclav"   46  17663.984375
   9        "tomas"   46  16810.964844
  10        "cerny"   46  32126.978516
  11        "smola"   46  13480.976563
  12        "fejgl"   46  13889.964844
  13        "kasal"   46  22786.984375
  14       "blazek"   46  27655.974609
  15 "frantisek_vlas"   46  21661.970703
  16      "nozicka"   46  18874.978516
  17     "motejlek"   46  30005.982422
  18 "martin_paroubek"   51  26021.974609
  19          "jan"   46  17030.980469
  20        "david"   46  17064.978516
  21          "mak"   46  32286.951172
  22          "mar"   46  29805.968750
  23         "mpch"   46  29918.974609
  24          "mfd"   46  41205.968750
  25          "mfl"   46  28182.968750
  26          "mjb"   46  26946.951172
  27          "mjl"   47  30238.966797
  28          "mjs"   46  33966.980469
  29          "mjt"   46  26223.982422
  30          "mkk"   46  38010.964844
  31          "mms"   45  24893.976563
  32          "mos"   46  30315.976563
  33          "mpm"   46  30756.962891
  34          "mpn"   46  40878.960938
  35          "mps"   46  34035.968750
  36          "mpz"   46  29697.974609
  37         "mps2"   46  28926.974609
  38          "mvl"   46  23336.968750
  39          "mzs"   46  35475.964844
  40         "mvl2"   47  31235.958984
  41      "polacek"   46  39023.976563
  42          "zab"   46  39264.980469
  43          "zas"   46  29403.980469
  44          "zbs"   46  33447.984375
  45          "zhl"   46  38990.964844
  46          "zhn"   46  25035.976563
  47          "zht"   46  30360.970703
  48          "zil"   45  31352.976563
  49          "zjh"   46  29454.976563
  50          "zjs"   46  26121.972656
  51          "zkc"   46  26691.970703
  52          "zkk"   46  29322.972656
  53          "zkn"   46  25640.972656
  54          "zkv"   46  32897.976563
  55          "zlg"   46  25022.974609
  56          "zlj"   46  37545.976563
  57          "zlk"   46  36036.968750
  58          "zlr"   46  29154.978516
  59          "zls"   46  35718.976563
  60          "zlt"   46  30183.978516
  61          "zmd"   46  32097.982422
  62          "zmh"   46  34893.980469
  63          "zmn"   46  36252.964844
  64          "zmt"   46  28560.982422
  65          "znm"   46  45771.976563
  66          "zrh"   46  36846.968750
  67          "zss"   46  26883.980469
  68          "ztk"   45  31343.978516
  69          "ztv"   45  27575.978516
  70  "michal_rott"   45  20216.974609
  71     "jan_hybs"   47  24208.968750
  72        "trnka"   46  20524.968750
  73 "martin_beranek"   44  18661.958984
  74      "safarik"   46  23850.982422
  75      "foldyna"   46  33573.968750
  76 "radek_safarik"   46  21423.984375
  77       "vratny"   46  27971.980469
  78    "svarovsky"   46  31596.976563
  79  "jan_kanajlo"   46  34403.972656
  80        "dutka"   46  26306.974609
  81   "ales_russe"   46  22005.966797
  82 "lukas_mateju"   46  17075.972656
  83        "vacek"   46  24123.974609
  84        "horky"   46  30730.974609
  85        "kolar"   46  26018.978516
  86       "breuer"   46  28069.980469
  87        "kovar"   46  21366.976563
  88      "linhart"   46  30086.980469
  89         "zkv2"   46  27738.970703
  90       "halada"   46  37428.972656
  91 "martin_kaiser"   46  22222.968750
  92  "zdenek_kybl"   46  17383.968750
  93      "chmelik"   46  27839.978516
  94         "zls2"   46  31083.974609
  95         "zss2"   46  26757.976563
