   1            "a" 38377  78615.843750 85008.601563 82198.187500
   2            "b" 9294  32508.296875 21792.701172 21710.019531
   3            "d" 17140  36251.066406 36118.753906 37944.101563
   4            "e" 55694  85208.554688 93886.000000 89949.117188
   5            "f" 3989  10403.164063 14940.915039 11403.898438
   6            "g" 2526  6902.866699 5436.141113 7017.898926
   7            "h" 7446  16250.778320 16468.865234 16940.707031
   8            "i" 35374  61577.589844 69442.398438 76814.539063
   9            "k" 19717  61593.023438 49902.296875 65895.593750
  10            "l" 24774  54473.742188 48144.757813 48433.644531
  11            "m" 18939  48422.097656 57020.484375 47740.609375
  12            "n" 25185  53381.957031 55387.406250 57157.296875
  13            "o" 45258  77285.414063 80816.296875 82873.109375
  14            "p" 19114  69423.921875 45804.066406 42324.519531
  15            "r" 19433  36985.425781 35846.582031 35066.281250
  16            "s" 26908  91814.000000 124676.062500 88192.492188
  17            "t" 27407  77335.046875 61552.664063 78779.406250
  18            "u" 17895  43580.750000 46045.730469 46400.726563
  19            "v" 21472  45185.117188 39250.160156 40828.636719
  20            "x" 5484  15683.019531 22883.115234 18249.138672
  21            "y" 16069  33303.398438 34394.656250 38003.675781
  22            "z" 10611  33575.085938 36933.898438 31410.980469
  23           "aa" 12886  40916.175781 76972.062500 48641.277344
  24           "ch" 5709  27909.964844 28661.562500 20964.058594
  25           "dg"  232  1284.224487 1046.169800 909.926514
  26           "dj" 3597  12137.455078 11890.478516 10877.896484
  27           "dz"  284  1019.884399 1092.762573 1024.486328
  28           "ee" 6604  17030.494141 30388.759766 21592.761719
  29           "ii" 22811  61999.250000 75536.218750 60373.492188
  30           "n0"    0    0.000000   0.000000   0.000000
  31           "n1"    0    0.000000   0.000000   0.000000
  32           "n2"    0    0.000000   0.000000   0.000000
  33           "n3"    0    0.000000   0.000000   0.000000
  34           "n4"    0    0.000000   0.000000   0.000000
  35           "n5"    0    0.000000   0.000000   0.000000
  36           "mg"  172  557.194824 552.965637 502.300751
  37           "ng"  692  2396.742676 2189.136719 1906.243042
  38           "nj" 12506  43701.695313 33244.890625 37766.531250
  39           "oo"  267  1104.045166 1711.530151 1219.061768
  40           "rs" 3762  14416.988281 12624.046875 9717.001953
  41           "rz" 2991  9579.511719 9757.417969 9656.670898
  42           "sh" 6112  22918.693359 30943.933594 20908.878906
  43           "si" 34432  688198.187500 410472.687500 333148.843750
  44           "tj" 5250  21546.044922 18538.955078 12365.905273
  45           "ts" 8667  38639.976563 38364.253906 29034.320313
  46           "uu" 3902  14465.764648 18299.589844 14194.216797
  47           "zh" 4943  17829.871094 19752.169922 16212.909180
  48          "swa"    0    0.000000   0.000000   0.000000
