   1            "a" 38377  78836.390625 74765.484375 104266.781250
   2            "b" 9294  22500.074219 26249.042969 22894.263672
   3            "d" 17140  33393.792969 34055.589844 33763.109375
   4            "e" 55694  82905.343750 86973.460938 106415.132813
   5            "f" 3989  8479.490234 9273.122070 15800.172852
   6            "g" 2526  4542.658691 4964.102051 6789.776367
   7            "h" 7446  16117.754883 16241.943359 28225.716797
   8            "i" 35374  62081.261719 67589.679688 85295.226563
   9            "k" 19717  50745.832031 53645.234375 54042.093750
  10            "l" 24774  51970.828125 54086.675781 72803.453125
  11            "m" 18939  43345.332031 53440.804688 51030.914063
  12            "n" 25185  52778.128906 46666.640625 54698.355469
  13            "o" 45258  80100.554688 80243.968750 94036.078125
  14            "p" 19114  51597.417969 55018.187500 41957.937500
  15            "r" 19433  33252.230469 32689.335938 39973.945313
  16            "s" 26908  70795.625000 71671.406250 172100.531250
  17            "t" 27407  62806.371094 73670.007813 72654.820313
  18            "u" 17895  47772.449219 38268.199219 42506.195313
  19            "v" 21472  33170.648438 34117.257813 42455.824219
  20            "x" 5484  12735.753906 12561.218750 22737.628906
  21            "y" 16069  32864.382813 36503.703125 66983.007813
  22            "z" 10611  27329.611328 27522.181641 44496.835938
  23           "aa" 12886  34683.101563 93149.320313 47774.703125
  24           "ch" 5709  22565.107422 15447.037109 33563.875000
  25           "dg"  232  1267.569336 638.034912 852.785828
  26           "dj" 3597  10979.589844 10527.863281 11598.728516
  27           "dz"  284  805.703491 657.523743 1089.342773
  28           "ee" 6604  16385.521484 35453.324219 21454.916016
  29           "ii" 22811  56501.734375 75502.140625 72818.250000
  30           "n0"    0    0.000000   0.000000   0.000000
  31           "n1"    0    0.000000   0.000000   0.000000
  32           "n2"    0    0.000000   0.000000   0.000000
  33           "n3"    0    0.000000   0.000000   0.000000
  34           "n4"    0    0.000000   0.000000   0.000000
  35           "n5"    0    0.000000   0.000000   0.000000
  36           "mg"  172  525.830627 515.067566 586.890930
  37           "ng"  692  3365.813965 1831.401733 1720.944946
  38           "nj" 12506  35211.132813 29389.660156 49332.234375
  39           "oo"  267  904.663818 1878.244629 1473.966797
  40           "rs" 3762  11122.709961 17616.816406 8339.517578
  41           "rz" 2991  8192.620117 9008.742188 7884.011719
  42           "sh" 6112  17857.312500 23018.671875 31864.998047
  43           "si" 34432  124536.539063 196503.312500 1109491.250000
  44           "tj" 5250  18228.443359 18217.296875 10933.047852
  45           "ts" 8667  31502.009766 24366.929688 44477.964844
  46           "uu" 3902  12296.197266 18772.146484 14850.558594
  47           "zh" 4943  14204.723633 12850.839844 23944.623047
  48          "swa"    0    0.000000   0.000000   0.000000
