   1           "mj"   90  57682.976563
   2           "pb"   90  62295.984375
   3   "pavel_rada"   90  33900.988281
   4 "otomar_nemecek"   90  37412.980469
   5      "dvorsky"   90  39041.984375
   6 "martin_jiricek"   90  33287.980469
   7    "kounovsky"   90  31793.986328
   8       "vaclav"   90  36002.988281
   9        "tomas"   90  33682.980469
  10        "cerny"   90  64295.984375
  11        "smola"   90  26474.984375
  12        "fejgl"   90  27208.978516
  13        "kasal"   90  48582.984375
  14       "blazek"   90  51993.984375
  15 "frantisek_vlas"   90  39192.988281
  16      "nozicka"   90  40109.988281
  17     "motejlek"   90  59098.984375
  18 "martin_paroubek"  101  48157.984375
  19          "jan"   90  32215.986328
  20        "david"   90  32395.986328
  21          "mak"   90  63713.968750
  22          "mar"   91  58815.980469
  23         "mpch"   90  56948.984375
  24          "mfd"   90  80354.984375
  25          "mfl"   90  52031.976563
  26          "mjb"   91  51177.976563
  27          "mjl"   93  57113.988281
  28          "mjs"   90  64454.984375
  29          "mjt"   90  50864.984375
  30          "mkk"   90  75332.976563
  31          "mms"   89  46705.988281
  32          "mos"   90  57065.984375
  33          "mpm"   90  60392.980469
  34          "mpn"   90  77162.968750
  35          "mps"   90  66389.976563
  36          "mpz"   90  55841.984375
  37         "mps2"   90  56960.980469
  38          "mvl"   90  46018.976563
  39          "mzs"   90  73016.976563
  40         "mvl2"   92  59210.980469
  41      "polacek"   90  71610.976563
  42          "zab"   90  75743.984375
  43          "zas"   90  54749.988281
  44          "zbs"   90  65534.992188
  45          "zhl"   90  70040.976563
  46          "zhn"   90  46871.980469
  47          "zht"   90  60470.984375
  48          "zil"   88  60075.984375
  49          "zjh"   90  58616.984375
  50          "zjs"   90  51248.984375
  51          "zkc"   91  51273.984375
  52          "zkk"   90  57035.988281
  53          "zkn"   91  47281.980469
  54          "zkv"   90  68110.984375
  55          "zlg"   90  49289.980469
  56          "zlj"   90  77429.976563
  57          "zlk"   90  71771.976563
  58          "zlr"   90  55256.988281
  59          "zls"   90  68243.984375
  60          "zlt"   90  58004.984375
  61          "zmd"   90  61748.988281
  62          "zmh"   90  67382.984375
  63          "zmn"   90  70517.984375
  64          "zmt"   90  55829.984375
  65          "znm"   91  87495.984375
  66          "zrh"   90  71315.984375
  67          "zss"   90  49859.984375
  68          "ztk"   89  62839.984375
  69          "ztv"   88  52293.988281
  70  "michal_rott"   88  40029.980469
  71     "jan_hybs"   92  46759.980469
  72        "trnka"   90  40785.984375
  73 "martin_beranek"   87  38702.980469
  74      "safarik"   90  48739.988281
  75      "foldyna"   90  61136.976563
  76 "radek_safarik"   90  40434.984375
  77       "vratny"   90  57469.992188
  78    "svarovsky"   90  61343.984375
  79  "jan_kanajlo"   90  66352.984375
  80        "dutka"   90  53322.980469
  81   "ales_russe"   91  42642.984375
  82 "lukas_mateju"   91  31899.986328
  83        "vacek"   90  44891.980469
  84        "horky"   90  60902.984375
  85        "kolar"   90  57059.980469
  86       "breuer"   90  51769.976563
  87        "kovar"   90  41658.984375
  88      "linhart"   90  59159.984375
  89         "zkv2"   90  51173.984375
  90       "halada"   90  73912.984375
  91 "martin_kaiser"   90  41980.992188
  92  "zdenek_kybl"   90  33170.988281
  93      "chmelik"   90  55849.980469
  94         "zls2"   90  61757.984375
  95         "zss2"   90  50069.988281
