   1            "a" 38377  88247.718750 108207.007813 84744.617188
   2            "b" 9294  31008.320313 19062.044922 18312.044922
   3            "d" 17140  33749.593750 26667.992188 38971.652344
   4            "e" 55694  98157.054688 115482.937500 95781.929688
   5            "f" 3989  9777.344727 15180.556641 9997.746094
   6            "g" 2526  5388.074707 6162.677734 7411.197266
   7            "h" 7446  14350.119141 17758.199219 17212.636719
   8            "i" 35374  62855.007813 84834.734375 70592.367188
   9            "k" 19717  61348.523438 39811.503906 61110.312500
  10            "l" 24774  45746.539063 58144.042969 49223.886719
  11            "m" 18939  34481.613281 62045.261719 42504.691406
  12            "n" 25185  47546.500000 53178.847656 47449.593750
  13            "o" 45258  84511.625000 99345.226563 84773.875000
  14            "p" 19114  75628.890625 37991.089844 37556.769531
  15            "r" 19433  38243.187500 35212.515625 30995.322266
  16            "s" 26908  86306.093750 133053.703125 84050.234375
  17            "t" 27407  81972.132813 60052.503906 70970.367188
  18            "u" 17895  38332.519531 59854.371094 42993.707031
  19            "v" 21472  39130.941406 37148.757813 36717.140625
  20            "x" 5484  12533.135742 23751.380859 15706.529297
  21            "y" 16069  30244.562500 28738.144531 50278.230469
  22            "z" 10611  26883.351563 41997.722656 25596.322266
  23           "aa" 12886  44114.160156 83266.046875 53112.812500
  24           "ch" 5709  26256.410156 27293.357422 20405.507813
  25           "dg"  232  1234.123901 1083.133667 748.153320
  26           "dj" 3597  11570.732422 11564.063477 8676.609375
  27           "dz"  284  856.291016 1181.462891 867.658569
  28           "ee" 6604  16635.484375 34133.843750 22112.664063
  29           "ii" 22811  50153.445313 93133.117188 60665.484375
  30           "n0"    0    0.000000   0.000000   0.000000
  31           "n1"    0    0.000000   0.000000   0.000000
  32           "n2"    0    0.000000   0.000000   0.000000
  33           "n3"    0    0.000000   0.000000   0.000000
  34           "n4"    0    0.000000   0.000000   0.000000
  35           "n5"    0    0.000000   0.000000   0.000000
  36           "mg"  172  400.876434 691.010986 357.769897
  37           "ng"  692  1839.886475 2399.156494 1851.381226
  38           "nj" 12506  37261.140625 29763.814453 29761.035156
  39           "oo"  267  1216.710938 1979.064087 1055.890869
  40           "rs" 3762  12990.715820 14611.108398 6436.379883
  41           "rz" 2991  8892.022461 11006.565430 6268.770020
  42           "sh" 6112  19382.375000 31190.125000 20223.050781
  43           "si" 34432  694724.875000 243352.578125 499414.468750
  44           "tj" 5250  22463.443359 18387.316406 8810.880859
  45           "ts" 8667  38365.835938 37242.699219 27787.052734
  46           "uu" 3902  12375.746094 21159.042969 13065.429688
  47           "zh" 4943  14804.869141 21539.033203 12709.942383
  48          "swa"    0    0.000000   0.000000   0.000000
