   1           "mj"   46  27932.962891
   2           "pb"   46  31839.972656
   3   "pavel_rada"   46  17138.984375
   4 "otomar_nemecek"   46  22512.964844
   5      "dvorsky"   46  22513.968750
   6 "martin_jiricek"   46  18099.962891
   7    "kounovsky"   46  16214.978516
   8       "vaclav"   46  17663.980469
   9        "tomas"   46  16810.955078
  10        "cerny"   46  32126.972656
  11        "smola"   46  13480.976563
  12        "fejgl"   46  13889.955078
  13        "kasal"   46  22786.974609
  14       "blazek"   46  27655.968750
  15 "frantisek_vlas"   46  21661.972656
  16      "nozicka"   46  18874.968750
  17     "motejlek"   46  30005.978516
  18 "martin_paroubek"   51  26021.972656
  19          "jan"   46  17030.978516
  20        "david"   46  17064.970703
  21          "mak"   46  32286.955078
  22          "mar"   46  29805.970703
  23         "mpch"   46  29918.976563
  24          "mfd"   46  41205.968750
  25          "mfl"   46  28182.962891
  26          "mjb"   46  26946.960938
  27          "mjl"   47  30238.974609
  28          "mjs"   46  33966.972656
  29          "mjt"   46  26223.976563
  30          "mkk"   46  38010.960938
  31          "mms"   45  24893.978516
  32          "mos"   46  30315.974609
  33          "mpm"   46  30756.962891
  34          "mpn"   46  40878.929688
  35          "mps"   46  34035.960938
  36          "mpz"   46  29697.972656
  37         "mps2"   46  28926.974609
  38          "mvl"   46  23336.962891
  39          "mzs"   46  35475.953125
  40         "mvl2"   47  31235.957031
  41      "polacek"   46  39023.957031
  42          "zab"   46  39264.980469
  43          "zas"   46  29403.972656
  44          "zbs"   46  33447.980469
  45          "zhl"   46  38990.968750
  46          "zhn"   46  25035.966797
  47          "zht"   46  30360.972656
  48          "zil"   45  31352.974609
  49          "zjh"   46  29454.974609
  50          "zjs"   46  26121.966797
  51          "zkc"   46  26691.970703
  52          "zkk"   46  29322.974609
  53          "zkn"   46  25640.970703
  54          "zkv"   46  32897.972656
  55          "zlg"   46  25022.964844
  56          "zlj"   46  37545.972656
  57          "zlk"   46  36036.968750
  58          "zlr"   46  29154.980469
  59          "zls"   46  35718.976563
  60          "zlt"   46  30183.972656
  61          "zmd"   46  32097.980469
  62          "zmh"   46  34893.980469
  63          "zmn"   46  36252.964844
  64          "zmt"   46  28560.974609
  65          "znm"   46  45771.976563
  66          "zrh"   46  36846.968750
  67          "zss"   46  26883.974609
  68          "ztk"   45  31343.980469
  69          "ztv"   45  27575.974609
  70  "michal_rott"   45  20216.960938
  71     "jan_hybs"   47  24208.958984
  72        "trnka"   46  20524.974609
  73 "martin_beranek"   44  18661.970703
  74      "safarik"   46  23850.972656
  75      "foldyna"   46  33573.945313
  76 "radek_safarik"   46  21423.964844
  77       "vratny"   46  27971.988281
  78    "svarovsky"   46  31596.957031
  79  "jan_kanajlo"   46  34403.976563
  80        "dutka"   46  26306.957031
  81   "ales_russe"   46  22005.970703
  82 "lukas_mateju"   46  17075.978516
  83        "vacek"   46  24123.943359
  84        "horky"   46  30730.974609
  85        "kolar"   46  26018.974609
  86       "breuer"   46  28069.958984
  87        "kovar"   46  21366.968750
  88      "linhart"   46  30086.972656
  89         "zkv2"   46  27738.970703
  90       "halada"   46  37428.960938
  91 "martin_kaiser"   46  22222.982422
  92  "zdenek_kybl"   46  17383.980469
  93      "chmelik"   46  27839.966797
  94         "zls2"   46  31083.970703
  95         "zss2"   46  26757.976563
