   1            "a" 38377  78696.390625 85720.437500 82831.531250
   2            "b" 9294  32326.544922 21766.541016 21474.650391
   3            "d" 17140  35825.328125 36680.308594 37387.628906
   4            "e" 55694  86358.078125 94256.429688 90164.328125
   5            "f" 3989  10364.937500 14917.113281 11315.219727
   6            "g" 2526  6858.812500 5453.093262 6957.727539
   7            "h" 7446  16153.389648 16538.656250 16756.861328
   8            "i" 35374  62155.757813 69492.296875 76501.796875
   9            "k" 19717  60877.410156 49098.292969 66439.375000
  10            "l" 24774  53574.531250 48776.507813 48325.742188
  11            "m" 18939  48067.566406 57556.062500 47009.613281
  12            "n" 25185  52355.453125 55944.906250 56582.644531
  13            "o" 45258  78284.664063 80859.695313 82907.609375
  14            "p" 19114  68962.859375 45717.007813 42512.800781
  15            "r" 19433  37161.871094 35904.664063 34652.605469
  16            "s" 26908  92234.765625 124180.148438 88512.070313
  17            "t" 27407  77727.859375 60799.398438 78873.554688
  18            "u" 17895  43407.835938 46240.828125 46395.156250
  19            "v" 21472  43732.796875 39906.300781 40586.667969
  20            "x" 5484  15378.880859 22815.701172 18295.021484
  21            "y" 16069  33099.601563 34011.960938 38658.621094
  22            "z" 10611  33174.941406 36857.910156 31154.617188
  23           "aa" 12886  41148.542969 77494.820313 48517.703125
  24           "ch" 5709  27678.167969 29021.513672 20705.824219
  25           "dg"  232  1268.681519 1049.808594 901.866211
  26           "dj" 3597  12093.797852 11907.348633 10781.168945
  27           "dz"  284  1002.865295 1088.341187 1021.063538
  28           "ee" 6604  16795.134766 30616.251953 21603.201172
  29           "ii" 22811  61942.699219 75934.906250 60888.382813
  30           "n0"    0    0.000000   0.000000   0.000000
  31           "n1"    0    0.000000   0.000000   0.000000
  32           "n2"    0    0.000000   0.000000   0.000000
  33           "n3"    0    0.000000   0.000000   0.000000
  34           "n4"    0    0.000000   0.000000   0.000000
  35           "n5"    0    0.000000   0.000000   0.000000
  36           "mg"  172  541.439392 555.746887 492.486206
  37           "ng"  692  2343.882568 2202.786865 1877.545410
  38           "nj" 12506  43831.820313 32782.464844 37379.675781
  39           "oo"  267  1078.735840 1730.109253 1216.660889
  40           "rs" 3762  14265.092773 12549.681641 9705.207031
  41           "rz" 2991  9541.413086 9757.432617 9496.907227
  42           "sh" 6112  22692.087891 31123.023438 20756.308594
  43           "si" 34432  689273.437500 410250.187500 335425.468750
  44           "tj" 5250  21704.625000 18430.345703 12124.807617
  45           "ts" 8667  38741.187500 38218.343750 29164.332031
  46           "uu" 3902  14457.789063 18265.515625 14213.013672
  47           "zh" 4943  17677.175781 19787.691406 15995.021484
  48          "swa"    0    0.000000   0.000000   0.000000
