   1            "a" 38377  81210.453125 91341.382813 82060.906250
   2            "b" 9294  30908.605469 21693.369141 20317.562500
   3            "d" 17140  34838.941406 35456.898438 37913.578125
   4            "e" 55694  93782.703125 95876.890625 84641.382813
   5            "f" 3989  10415.772461 14634.404297 10784.038086
   6            "g" 2526  6574.884277 5391.312988 7069.333984
   7            "h" 7446  15161.474609 16991.384766 16532.869141
   8            "i" 35374  58212.429688 73207.242188 73886.507813
   9            "k" 19717  60271.917969 47227.738281 64927.503906
  10            "l" 24774  52291.527344 49076.710938 50174.195313
  11            "m" 18939  43687.167969 58786.687500 44516.199219
  12            "n" 25185  47871.011719 56896.042969 54850.027344
  13            "o" 45258  82990.718750 84187.203125 82624.859375
  14            "p" 19114  71821.664063 43513.777344 42421.734375
  15            "r" 19433  36797.867188 33882.984375 35193.367188
  16            "s" 26908  92409.664063 127748.304688 86906.742188
  17            "t" 27407  79138.140625 59512.269531 78342.625000
  18            "u" 17895  41533.457031 49671.742188 43763.625000
  19            "v" 21472  41122.425781 39674.718750 39480.093750
  20            "x" 5484  14581.850586 23401.835938 17523.191406
  21            "y" 16069  32389.173828 32779.378906 41396.265625
  22            "z" 10611  30208.582031 37471.515625 31056.470703
  23           "aa" 12886  39901.800781 81990.414063 50005.761719
  24           "ch" 5709  28411.371094 27986.310547 20630.357422
  25           "dg"  232  1245.826660 1016.871582 808.653687
  26           "dj" 3597  11623.765625 11071.940430 10878.436523
  27           "dz"  284  974.841370 1092.436157 945.565857
  28           "ee" 6604  16132.607422 33476.515625 20196.027344
  29           "ii" 22811  60508.757813 78472.328125 61730.031250
  30           "n0"    0    0.000000   0.000000   0.000000
  31           "n1"    0    0.000000   0.000000   0.000000
  32           "n2"    0    0.000000   0.000000   0.000000
  33           "n3"    0    0.000000   0.000000   0.000000
  34           "n4"    0    0.000000   0.000000   0.000000
  35           "n5"    0    0.000000   0.000000   0.000000
  36           "mg"  172  527.471924 554.836853 477.829102
  37           "ng"  692  2159.529053 2261.923584 1810.284180
  38           "nj" 12506  42310.144531 32279.013672 35593.218750
  39           "oo"  267  1105.375488 1789.588989 1099.438599
  40           "rs" 3762  14142.592773 12454.458008 9209.122070
  41           "rz" 2991  9171.368164 10130.094727 8805.241211
  42           "sh" 6112  22229.972656 31594.472656 20121.527344
  43           "si" 34432  675811.312500 429955.312500 343171.281250
  44           "tj" 5250  22953.550781 17437.634766 11134.694336
  45           "ts" 8667  41186.343750 36202.703125 29362.212891
  46           "uu" 3902  13808.742188 18644.449219 13934.681641
  47           "zh" 4943  16349.146484 20409.181641 15430.810547
  48          "swa"    0    0.000000   0.000000   0.000000
