   1            "a" 38377  86655.789063 105252.179688 79776.554688
   2            "b" 9294  31563.611328 19331.250000 19750.701172
   3            "d" 17140  32684.562500 27253.406250 43139.750000
   4            "e" 55694  101440.851563 110583.148438 89629.109375
   5            "f" 3989  10029.525391 15435.100586 9546.201172
   6            "g" 2526  5645.776367 5625.533203 7157.114746
   7            "h" 7446  14573.682617 17700.332031 16648.583984
   8            "i" 35374  62757.746094 83575.398438 67682.101563
   9            "k" 19717  60645.164063 41366.164063 60332.101563
  10            "l" 24774  47023.273438 56819.910156 48884.734375
  11            "m" 18939  36709.089844 62180.023438 42029.523438
  12            "n" 25185  46361.742188 53399.832031 53397.644531
  13            "o" 45258  81650.257813 94345.476563 87091.484375
  14            "p" 19114  75215.500000 42151.855469 37461.871094
  15            "r" 19433  36852.402344 36016.535156 32027.103516
  16            "s" 26908  88708.554688 130970.304688 81617.929688
  17            "t" 27407  83084.578125 60159.976563 71454.593750
  18            "u" 17895  37546.925781 56841.339844 43434.468750
  19            "v" 21472  38156.222656 38954.304688 38287.648438
  20            "x" 5484  12458.993164 23351.232422 16159.144531
  21            "y" 16069  29980.343750 28272.369141 49007.003906
  22            "z" 10611  26351.044922 42531.578125 26648.099609
  23           "aa" 12886  44519.019531 80520.406250 53405.484375
  24           "ch" 5709  26214.314453 27197.515625 20683.488281
  25           "dg"  232  1220.929321 1035.719971 731.060547
  26           "dj" 3597  10965.767578 10906.206055 10482.735352
  27           "dz"  284  910.077087 1177.192749 853.526672
  28           "ee" 6604  17445.263672 33536.437500 21852.052734
  29           "ii" 22811  53334.082031 91916.382813 58766.101563
  30           "n0"    0    0.000000   0.000000   0.000000
  31           "n1"    0    0.000000   0.000000   0.000000
  32           "n2"    0    0.000000   0.000000   0.000000
  33           "n3"    0    0.000000   0.000000   0.000000
  34           "n4"    0    0.000000   0.000000   0.000000
  35           "n5"    0    0.000000   0.000000   0.000000
  36           "mg"  172  476.718536 633.821777 398.810608
  37           "ng"  692  1837.417480 2468.225342 1772.179077
  38           "nj" 12506  39097.972656 26768.117188 31096.437500
  39           "oo"  267  1104.381470 1940.787964 1144.867798
  40           "rs" 3762  12795.591797 13807.692383 7514.769043
  41           "rz" 2991  8721.601563 11254.470703 6124.546387
  42           "sh" 6112  20725.433594 31361.464844 18828.871094
  43           "si" 34432  678442.437500 271325.500000 502758.156250
  44           "tj" 5250  23263.968750 18193.281250 8618.298828
  45           "ts" 8667  39590.160156 35263.253906 28403.042969
  46           "uu" 3902  12155.601563 20803.404297 13417.787109
  47           "zh" 4943  14252.636719 21864.240234 12576.871094
  48          "swa"    0    0.000000   0.000000   0.000000
