   1            "a" 38377  78860.054688 74765.554688 104275.750000
   2            "b" 9294  22579.404297 26172.984375 22875.162109
   3            "d" 17140  33524.347656 34094.585938 33757.777344
   4            "e" 55694  82795.476563 87006.250000 106507.312500
   5            "f" 3989  8579.226563 9318.458008 15566.550781
   6            "g" 2526  4582.375488 4975.526367 6848.836914
   7            "h" 7446  16191.447266 16259.584961 28112.804688
   8            "i" 35374  62023.910156 67678.429688 85523.664063
   9            "k" 19717  51407.042969 54049.425781 54147.160156
  10            "l" 24774  51937.011719 54006.296875 73481.921875
  11            "m" 18939  43553.652344 53306.003906 51336.031250
  12            "n" 25185  53070.613281 46721.257813 54937.687500
  13            "o" 45258  80199.898438 80360.421875 94392.992188
  14            "p" 19114  51739.718750 55110.953125 41695.851563
  15            "r" 19433  33234.574219 32624.673828 40024.699219
  16            "s" 26908  71220.281250 72918.773438 170351.781250
  17            "t" 27407  63158.519531 73357.859375 72246.578125
  18            "u" 17895  47628.199219 38406.449219 42879.914063
  19            "v" 21472  33211.687500 34108.683594 42692.351563
  20            "x" 5484  12983.045898 12695.322266 22661.052734
  21            "y" 16069  32823.882813 36376.308594 66857.687500
  22            "z" 10611  27494.107422 27652.062500 44086.980469
  23           "aa" 12886  34796.882813 92599.906250 47706.859375
  24           "ch" 5709  22691.099609 15446.844727 33366.242188
  25           "dg"  232  1268.754028 630.734070 814.198242
  26           "dj" 3597  10979.417969 10476.317383 11543.359375
  27           "dz"  284  810.008545 655.421204 1085.521484
  28           "ee" 6604  16451.486328 35180.285156 21428.117188
  29           "ii" 22811  56359.511719 75204.351563 73311.515625
  30           "n0"    0    0.000000   0.000000   0.000000
  31           "n1"    0    0.000000   0.000000   0.000000
  32           "n2"    0    0.000000   0.000000   0.000000
  33           "n3"    0    0.000000   0.000000   0.000000
  34           "n4"    0    0.000000   0.000000   0.000000
  35           "n5"    0    0.000000   0.000000   0.000000
  36           "mg"  172  523.429077 513.634949 589.615356
  37           "ng"  692  3358.037109 1833.270508 1713.418579
  38           "nj" 12506  35438.812500 29361.041016 49307.777344
  39           "oo"  267  912.589478 1865.885132 1479.299316
  40           "rs" 3762  11350.251953 17543.015625 8334.651367
  41           "rz" 2991  8349.954102 8972.466797 7847.444824
  42           "sh" 6112  17888.330078 23193.433594 31583.533203
  43           "si" 34432  120923.039063 196615.375000 1110049.875000
  44           "tj" 5250  18290.255859 18138.902344 10934.625977
  45           "ts" 8667  31694.929688 24398.656250 44132.035156
  46           "uu" 3902  12262.401367 18646.951172 14986.315430
  47           "zh" 4943  14394.588867 12728.435547 23851.011719
  48          "swa"    0    0.000000   0.000000   0.000000
