   1           "mj"   46  27932.931641
   2           "pb"   46  31839.958984
   3   "pavel_rada"   46  17138.966797
   4 "otomar_nemecek"   46  22512.953125
   5      "dvorsky"   46  22513.957031
   6 "martin_jiricek"   46  18099.937500
   7    "kounovsky"   46  16214.971680
   8       "vaclav"   46  17663.966797
   9        "tomas"   46  16810.943359
  10        "cerny"   46  32126.958984
  11        "smola"   46  13480.960938
  12        "fejgl"   46  13889.950195
  13        "kasal"   46  22786.968750
  14       "blazek"   46  27655.957031
  15 "frantisek_vlas"   46  21661.955078
  16      "nozicka"   46  18874.957031
  17     "motejlek"   46  30005.960938
  18 "martin_paroubek"   51  26021.953125
  19          "jan"   46  17030.964844
  20        "david"   46  17064.958984
  21          "mak"   46  32286.919922
  22          "mar"   46  29805.958984
  23         "mpch"   46  29918.958984
  24          "mfd"   46  41205.957031
  25          "mfl"   46  28182.941406
  26          "mjb"   46  26946.943359
  27          "mjl"   47  30238.964844
  28          "mjs"   46  33966.957031
  29          "mjt"   46  26223.962891
  30          "mkk"   46  38010.953125
  31          "mms"   45  24893.962891
  32          "mos"   46  30315.958984
  33          "mpm"   46  30756.941406
  34          "mpn"   46  40878.898438
  35          "mps"   46  34035.941406
  36          "mpz"   46  29697.943359
  37         "mps2"   46  28926.953125
  38          "mvl"   46  23336.935547
  39          "mzs"   46  35475.945313
  40         "mvl2"   47  31235.943359
  41      "polacek"   46  39023.953125
  42          "zab"   46  39264.972656
  43          "zas"   46  29403.960938
  44          "zbs"   46  33447.972656
  45          "zhl"   46  38990.953125
  46          "zhn"   46  25035.945313
  47          "zht"   46  30360.964844
  48          "zil"   45  31352.960938
  49          "zjh"   46  29454.962891
  50          "zjs"   46  26121.951172
  51          "zkc"   46  26691.958984
  52          "zkk"   46  29322.970703
  53          "zkn"   46  25640.960938
  54          "zkv"   46  32897.964844
  55          "zlg"   46  25022.945313
  56          "zlj"   46  37545.957031
  57          "zlk"   46  36036.953125
  58          "zlr"   46  29154.966797
  59          "zls"   46  35718.960938
  60          "zlt"   46  30183.958984
  61          "zmd"   46  32097.970703
  62          "zmh"   46  34893.968750
  63          "zmn"   46  36252.953125
  64          "zmt"   46  28560.958984
  65          "znm"   46  45771.953125
  66          "zrh"   46  36846.960938
  67          "zss"   46  26883.966797
  68          "ztk"   45  31343.974609
  69          "ztv"   45  27575.964844
  70  "michal_rott"   45  20216.947266
  71     "jan_hybs"   47  24208.939453
  72        "trnka"   46  20524.962891
  73 "martin_beranek"   44  18661.949219
  74      "safarik"   46  23850.966797
  75      "foldyna"   46  33573.925781
  76 "radek_safarik"   46  21423.939453
  77       "vratny"   46  27971.976563
  78    "svarovsky"   46  31596.955078
  79  "jan_kanajlo"   46  34403.957031
  80        "dutka"   46  26306.945313
  81   "ales_russe"   46  22005.953125
  82 "lukas_mateju"   46  17075.966797
  83        "vacek"   46  24123.941406
  84        "horky"   46  30730.966797
  85        "kolar"   46  26018.953125
  86       "breuer"   46  28069.939453
  87        "kovar"   46  21366.953125
  88      "linhart"   46  30086.964844
  89         "zkv2"   46  27738.951172
  90       "halada"   46  37428.953125
  91 "martin_kaiser"   46  22222.966797
  92  "zdenek_kybl"   46  17383.966797
  93      "chmelik"   46  27839.941406
  94         "zls2"   46  31083.962891
  95         "zss2"   46  26757.966797
