   1           "mj"   23  14286.961914
   2           "pb"   23  15349.967773
   3   "pavel_rada"   23  8699.979492
   4 "otomar_nemecek"   23  11218.968750
   5      "dvorsky"   23  12469.966797
   6 "martin_jiricek"   23  9277.964844
   7    "kounovsky"   23  8311.979492
   8       "vaclav"   23  8419.979492
   9        "tomas"   23  8065.956543
  10        "cerny"   23  15786.966797
  11        "smola"   23  6622.971191
  12        "fejgl"   23  6451.965332
  13        "kasal"   23  10721.977539
  14       "blazek"   23  14345.972656
  15 "frantisek_vlas"   23  11439.971680
  16      "nozicka"   23  8945.979492
  17     "motejlek"   23  14844.968750
  18 "martin_paroubek"   26  12638.972656
  19          "jan"   23  8847.979492
  20        "david"   23  8473.969727
  21          "mak"   23  15760.941406
  22          "mar"   23  14695.978516
  23         "mpch"   23  14795.974609
  24          "mfd"   23  19564.970703
  25          "mfl"   23  14098.960938
  26          "mjb"   23  13363.959961
  27          "mjl"   24  15728.973633
  28          "mjs"   23  17323.972656
  29          "mjt"   23  13870.980469
  30          "mkk"   23  17875.972656
  31          "mms"   23  12739.979492
  32          "mos"   23  15610.968750
  33          "mpm"   23  15416.957031
  34          "mpn"   23  20422.939453
  35          "mps"   23  16687.962891
  36          "mpz"   23  15316.967773
  37         "mps2"   23  14281.971680
  38          "mvl"   23  11704.964844
  39          "mzs"   23  17821.960938
  40         "mvl2"   24  15959.964844
  41      "polacek"   23  19833.966797
  42          "zab"   23  19222.982422
  43          "zas"   23  14953.973633
  44          "zbs"   23  17182.982422
  45          "zhl"   23  19107.974609
  46          "zhn"   23  12994.961914
  47          "zht"   23  15202.971680
  48          "zil"   23  15532.973633
  49          "zjh"   23  15031.973633
  50          "zjs"   23  12913.964844
  51          "zkc"   23  13600.972656
  52          "zkk"   23  14251.980469
  53          "zkn"   23  12944.977539
  54          "zkv"   23  16321.975586
  55          "zlg"   23  12433.970703
  56          "zlj"   23  18652.970703
  57          "zlk"   23  18055.972656
  58          "zlr"   23  14593.976563
  59          "zls"   23  18064.972656
  60          "zlt"   23  14920.971680
  61          "zmd"   23  16060.979492
  62          "zmh"   23  17089.980469
  63          "zmn"   23  18142.970703
  64          "zmt"   23  14275.976563
  65          "znm"   23  22483.972656
  66          "zrh"   23  17932.972656
  67          "zss"   23  13624.978516
  68          "ztk"   23  15787.979492
  69          "ztv"   23  13534.972656
  70  "michal_rott"   23  10174.965820
  71     "jan_hybs"   24  13243.958008
  72        "trnka"   23  10374.972656
  73 "martin_beranek"   22  9441.965820
  74      "safarik"   23  12214.979492
  75      "foldyna"   23  16955.949219
  76 "radek_safarik"   23  10975.958008
  77       "vratny"   23  14164.989258
  78    "svarovsky"   23  15416.966797
  79  "jan_kanajlo"   23  17354.974609
  80        "dutka"   23  12689.961914
  81   "ales_russe"   23  10969.970703
  82 "lukas_mateju"   23  8875.982422
  83        "vacek"   23  12470.962891
  84        "horky"   23  14241.969727
  85        "kolar"   23  12112.968750
  86       "breuer"   23  14933.959961
  87        "kovar"   23  10368.966797
  88      "linhart"   23  15006.973633
  89         "zkv2"   23  13663.973633
  90       "halada"   23  18199.974609
  91 "martin_kaiser"   23  11044.982422
  92  "zdenek_kybl"   23  8751.978516
  93      "chmelik"   23  13401.956055
  94         "zls2"   23  15106.977539
  95         "zss2"   23  14158.976563
