   1            "a" 38377  78947.617188 91151.648438 81992.320313
   2            "b" 9294  31197.345703 21931.683594 20400.902344
   3            "d" 17140  35081.339844 36206.226563 37115.835938
   4            "e" 55694  92349.328125 95278.273438 87413.375000
   5            "f" 3989  10388.579102 14687.887695 11020.707031
   6            "g" 2526  6685.494141 5458.247070 7024.799805
   7            "h" 7446  15314.075195 17081.453125 16385.175781
   8            "i" 35374  59424.839844 72930.914063 74411.937500
   9            "k" 19717  60087.468750 48399.246094 64893.574219
  10            "l" 24774  51950.207031 49342.253906 49936.140625
  11            "m" 18939  45148.304688 58869.683594 44114.179688
  12            "n" 25185  48419.750000 57343.019531 54816.332031
  13            "o" 45258  82373.789063 82784.960938 82600.367188
  14            "p" 19114  71243.234375 44256.046875 43312.800781
  15            "r" 19433  36956.500000 34811.000000 34768.992188
  16            "s" 26908  93216.609375 125242.007813 88787.992188
  17            "t" 27407  78776.804688 59553.644531 79242.218750
  18            "u" 17895  42410.929688 48931.250000 43230.062500
  19            "v" 21472  41187.820313 39816.242188 39853.195313
  20            "x" 5484  14516.530273 23266.929688 17686.656250
  21            "y" 16069  31487.523438 34113.523438 40563.593750
  22            "z" 10611  31146.705078 36824.144531 31223.066406
  23           "aa" 12886  40210.777344 80947.492188 49171.550781
  24           "ch" 5709  27964.736328 28556.048828 20497.628906
  25           "dg"  232  1261.072998 1026.544556 826.817749
  26           "dj" 3597  11834.142578 11190.291992 10801.840820
  27           "dz"  284  978.601257 1083.665405 980.973999
  28           "ee" 6604  15884.853516 32864.707031 20541.634766
  29           "ii" 22811  60852.214844 78942.265625 61234.722656
  30           "n0"    0    0.000000   0.000000   0.000000
  31           "n1"    0    0.000000   0.000000   0.000000
  32           "n2"    0    0.000000   0.000000   0.000000
  33           "n3"    0    0.000000   0.000000   0.000000
  34           "n4"    0    0.000000   0.000000   0.000000
  35           "n5"    0    0.000000   0.000000   0.000000
  36           "mg"  172  532.745605 555.783569 479.142273
  37           "ng"  692  2195.003662 2262.892334 1829.931030
  38           "nj" 12506  43172.265625 32071.484375 35804.796875
  39           "oo"  267  1102.333008 1767.422852 1132.570679
  40           "rs" 3762  14193.530273 12464.148438 9228.098633
  41           "rz" 2991  9308.051758 9963.422852 9006.674805
  42           "sh" 6112  22150.349609 31656.693359 19998.943359
  43           "si" 34432  675880.937500 425996.031250 342725.437500
  44           "tj" 5250  22615.896484 17677.982422 11369.213867
  45           "ts" 8667  40425.078125 36968.871094 29103.503906
  46           "uu" 3902  13973.004883 18586.390625 14130.847656
  47           "zh" 4943  16802.248047 20011.892578 15582.100586
  48          "swa"    0    0.000000   0.000000   0.000000
