   1           "mj"   46  27932.974609
   2           "pb"   46  31839.986328
   3   "pavel_rada"   46  17138.986328
   4 "otomar_nemecek"   46  22512.982422
   5      "dvorsky"   46  22513.986328
   6 "martin_jiricek"   46  18099.978516
   7    "kounovsky"   46  16214.987305
   8       "vaclav"   46  17663.988281
   9        "tomas"   46  16810.980469
  10        "cerny"   46  32126.984375
  11        "smola"   46  13480.982422
  12        "fejgl"   46  13889.981445
  13        "kasal"   46  22786.986328
  14       "blazek"   46  27655.980469
  15 "frantisek_vlas"   46  21661.984375
  16      "nozicka"   46  18874.984375
  17     "motejlek"   46  30005.986328
  18 "martin_paroubek"   51  26021.984375
  19          "jan"   46  17030.986328
  20        "david"   46  17064.986328
  21          "mak"   46  32286.970703
  22          "mar"   46  29805.984375
  23         "mpch"   46  29918.986328
  24          "mfd"   46  41205.984375
  25          "mfl"   46  28182.982422
  26          "mjb"   46  26946.978516
  27          "mjl"   47  30238.986328
  28          "mjs"   46  33966.984375
  29          "mjt"   46  26223.988281
  30          "mkk"   46  38010.984375
  31          "mms"   45  24893.986328
  32          "mos"   46  30315.986328
  33          "mpm"   46  30756.980469
  34          "mpn"   46  40878.968750
  35          "mps"   46  34035.976563
  36          "mpz"   46  29697.984375
  37         "mps2"   46  28926.980469
  38          "mvl"   46  23336.980469
  39          "mzs"   46  35475.976563
  40         "mvl2"   47  31235.980469
  41      "polacek"   46  39023.984375
  42          "zab"   46  39264.992188
  43          "zas"   46  29403.986328
  44          "zbs"   46  33447.988281
  45          "zhl"   46  38990.984375
  46          "zhn"   46  25035.982422
  47          "zht"   46  30360.988281
  48          "zil"   45  31352.986328
  49          "zjh"   46  29454.984375
  50          "zjs"   46  26121.984375
  51          "zkc"   46  26691.984375
  52          "zkk"   46  29322.988281
  53          "zkn"   46  25640.986328
  54          "zkv"   46  32897.984375
  55          "zlg"   46  25022.982422
  56          "zlj"   46  37545.984375
  57          "zlk"   46  36036.980469
  58          "zlr"   46  29154.986328
  59          "zls"   46  35718.984375
  60          "zlt"   46  30183.988281
  61          "zmd"   46  32097.992188
  62          "zmh"   46  34893.988281
  63          "zmn"   46  36252.984375
  64          "zmt"   46  28560.986328
  65          "znm"   46  45771.984375
  66          "zrh"   46  36846.984375
  67          "zss"   46  26883.986328
  68          "ztk"   45  31343.988281
  69          "ztv"   45  27575.986328
  70  "michal_rott"   45  20216.980469
  71     "jan_hybs"   47  24208.980469
  72        "trnka"   46  20524.984375
  73 "martin_beranek"   44  18661.982422
  74      "safarik"   46  23850.988281
  75      "foldyna"   46  33573.976563
  76 "radek_safarik"   46  21423.982422
  77       "vratny"   46  27971.990234
  78    "svarovsky"   46  31596.984375
  79  "jan_kanajlo"   46  34403.984375
  80        "dutka"   46  26306.980469
  81   "ales_russe"   46  22005.982422
  82 "lukas_mateju"   46  17075.988281
  83        "vacek"   46  24123.984375
  84        "horky"   46  30730.988281
  85        "kolar"   46  26018.984375
  86       "breuer"   46  28069.978516
  87        "kovar"   46  21366.984375
  88      "linhart"   46  30086.984375
  89         "zkv2"   46  27738.984375
  90       "halada"   46  37428.984375
  91 "martin_kaiser"   46  22222.988281
  92  "zdenek_kybl"   46  17383.988281
  93      "chmelik"   46  27839.982422
  94         "zls2"   46  31083.988281
  95         "zss2"   46  26757.988281
