   1            "a" 38377  78275.640625 84484.867188 81791.492188
   2            "b" 9294  32531.718750 21886.654297 21648.234375
   3            "d" 17140  36596.074219 35766.152344 38225.898438
   4            "e" 55694  84959.546875 93535.851563 89097.820313
   5            "f" 3989  10478.278320 14902.615234 11421.900391
   6            "g" 2526  6966.056641 5425.598145 7082.536621
   7            "h" 7446  16446.943359 16418.048828 17073.707031
   8            "i" 35374  61285.437500 68839.843750 77050.335938
   9            "k" 19717  61949.726563 50380.117188 65637.476563
  10            "l" 24774  54898.300781 48157.792969 48502.207031
  11            "m" 18939  48560.445313 56922.824219 48286.828125
  12            "n" 25185  53909.726563 55073.425781 57367.949219
  13            "o" 45258  77136.015625 80661.578125 82390.734375
  14            "p" 19114  69355.242188 46043.332031 42567.210938
  15            "r" 19433  37253.937500 35655.667969 35506.195313
  16            "s" 26908  92392.468750 123775.679688 87900.140625
  17            "t" 27407  77061.945313 61606.972656 79233.726563
  18            "u" 17895  43571.593750 45900.488281 46481.773438
  19            "v" 21472  45658.621094 39165.742188 40854.558594
  20            "x" 5484  15870.391602 22878.019531 18329.117188
  21            "y" 16069  33280.472656 34423.031250 37994.273438
  22            "z" 10611  33899.679688 36831.296875 31609.148438
  23           "aa" 12886  40798.910156 76426.679688 48691.363281
  24           "ch" 5709  27967.875000 28613.445313 21269.023438
  25           "dg"  232  1289.104004 1039.876709 926.825134
  26           "dj" 3597  12151.063477 11948.540039 10934.309570
  27           "dz"  284  1025.372925 1100.670776 1025.865601
  28           "ee" 6604  17318.152344 30143.343750 21593.240234
  29           "ii" 22811  62290.933594 74692.171875 60568.851563
  30           "n0"    0    0.000000   0.000000   0.000000
  31           "n1"    0    0.000000   0.000000   0.000000
  32           "n2"    0    0.000000   0.000000   0.000000
  33           "n3"    0    0.000000   0.000000   0.000000
  34           "n4"    0    0.000000   0.000000   0.000000
  35           "n5"    0    0.000000   0.000000   0.000000
  36           "mg"  172  562.497009 550.121094 511.335571
  37           "ng"  692  2433.753662 2184.253418 1931.464233
  38           "nj" 12506  43455.527344 33413.394531 38060.609375
  39           "oo"  267  1119.197876 1690.585449 1214.802612
  40           "rs" 3762  14521.119141 12622.162109 9765.792969
  41           "rz" 2991  9692.703125 9808.086914 9651.532227
  42           "sh" 6112  23039.244141 30786.894531 21076.673828
  43           "si" 34432  682891.062500 414186.812500 333710.750000
  44           "tj" 5250  21503.542969 18528.410156 12564.678711
  45           "ts" 8667  38675.570313 38271.875000 29092.609375
  46           "uu" 3902  14542.508789 18281.675781 14312.779297
  47           "zh" 4943  17933.355469 19755.605469 16300.727539
  48          "swa"    0    0.000000   0.000000   0.000000
