   1           "mj"   23  14286.896484
   2           "pb"   23  15349.958008
   3   "pavel_rada"   23  8699.968750
   4 "otomar_nemecek"   23  11218.921875
   5      "dvorsky"   23  12469.942383
   6 "martin_jiricek"   23  9277.916992
   7    "kounovsky"   23  8311.951172
   8       "vaclav"   23  8419.969727
   9        "tomas"   23  8065.918945
  10        "cerny"   23  15786.951172
  11        "smola"   23  6622.950195
  12        "fejgl"   23  6451.892578
  13        "kasal"   23  10721.962891
  14       "blazek"   23  14345.950195
  15 "frantisek_vlas"   23  11439.947266
  16      "nozicka"   23  8945.940430
  17     "motejlek"   23  14844.967773
  18 "martin_paroubek"   26  12638.953125
  19          "jan"   23  8847.962891
  20        "david"   23  8473.933594
  21          "mak"   23  15760.889648
  22          "mar"   23  14695.941406
  23         "mpch"   23  14795.957031
  24          "mfd"   23  19564.935547
  25          "mfl"   23  14098.933594
  26          "mjb"   23  13363.922852
  27          "mjl"   24  15728.946289
  28          "mjs"   23  17323.949219
  29          "mjt"   23  13870.954102
  30          "mkk"   23  17875.916016
  31          "mms"   23  12739.949219
  32          "mos"   23  15610.947266
  33          "mpm"   23  15416.917969
  34          "mpn"   23  20422.894531
  35          "mps"   23  16687.931641
  36          "mpz"   23  15316.938477
  37         "mps2"   23  14281.944336
  38          "mvl"   23  11704.914063
  39          "mzs"   23  17821.906250
  40         "mvl2"   24  15959.902344
  41      "polacek"   23  19833.939453
  42          "zab"   23  19222.964844
  43          "zas"   23  14953.962891
  44          "zbs"   23  17182.974609
  45          "zhl"   23  19107.943359
  46          "zhn"   23  12994.942383
  47          "zht"   23  15202.951172
  48          "zil"   23  15532.938477
  49          "zjh"   23  15031.953125
  50          "zjs"   23  12913.947266
  51          "zkc"   23  13600.950195
  52          "zkk"   23  14251.959961
  53          "zkn"   23  12944.955078
  54          "zkv"   23  16321.963867
  55          "zlg"   23  12433.950195
  56          "zlj"   23  18652.949219
  57          "zlk"   23  18055.939453
  58          "zlr"   23  14593.960938
  59          "zls"   23  18064.955078
  60          "zlt"   23  14920.960938
  61          "zmd"   23  16060.971680
  62          "zmh"   23  17089.964844
  63          "zmn"   23  18142.949219
  64          "zmt"   23  14275.968750
  65          "znm"   23  22483.962891
  66          "zrh"   23  17932.953125
  67          "zss"   23  13624.955078
  68          "ztk"   23  15787.962891
  69          "ztv"   23  13534.954102
  70  "michal_rott"   23  10174.931641
  71     "jan_hybs"   24  13243.914063
  72        "trnka"   23  10374.948242
  73 "martin_beranek"   22  9441.911133
  74      "safarik"   23  12214.958984
  75      "foldyna"   23  16955.917969
  76 "radek_safarik"   23  10975.929688
  77       "vratny"   23  14164.978516
  78    "svarovsky"   23  15416.930664
  79  "jan_kanajlo"   23  17354.945313
  80        "dutka"   23  12689.929688
  81   "ales_russe"   23  10969.945313
  82 "lukas_mateju"   23  8875.949219
  83        "vacek"   23  12470.915039
  84        "horky"   23  14241.958984
  85        "kolar"   23  12112.965820
  86       "breuer"   23  14933.935547
  87        "kovar"   23  10368.957031
  88      "linhart"   23  15006.955078
  89         "zkv2"   23  13663.938477
  90       "halada"   23  18199.923828
  91 "martin_kaiser"   23  11044.963867
  92  "zdenek_kybl"   23  8751.950195
  93      "chmelik"   23  13401.929688
  94         "zls2"   23  15106.960938
  95         "zss2"   23  14158.962891
