   1            "a" 38377  84739.515625 101397.976563 80664.554688
   2            "b" 9294  31224.613281 19975.730469 19838.328125
   3            "d" 17140  32676.205078 27798.335938 42873.085938
   4            "e" 55694  100454.867188 106187.890625 86641.984375
   5            "f" 3989  10069.605469 15456.494141 9275.151367
   6            "g" 2526  5805.204102 5607.599121 7193.034668
   7            "h" 7446  14442.214844 17640.820313 16290.849609
   8            "i" 35374  60507.171875 81132.093750 68141.179688
   9            "k" 19717  61586.820313 42301.050781 61079.480469
  10            "l" 24774  48138.816406 54162.066406 50952.164063
  11            "m" 18939  37791.562500 60916.578125 43763.941406
  12            "n" 25185  46517.738281 54267.058594 54900.625000
  13            "o" 45258  85286.828125 93100.054688 83043.593750
  14            "p" 19114  72812.742188 43874.675781 37453.816406
  15            "r" 19433  37610.265625 35110.363281 32681.144531
  16            "s" 26908  89607.328125 127968.960938 83818.117188
  17            "t" 27407  81696.445313 62162.878906 73158.976563
  18            "u" 17895  37298.207031 55805.027344 43744.363281
  19            "v" 21472  38704.046875 39187.523438 38870.394531
  20            "x" 5484  13341.696289 22836.044922 16949.527344
  21            "y" 16069  30954.375000 29986.535156 46948.117188
  22            "z" 10611  26712.851563 40385.511719 28071.726563
  23           "aa" 12886  43961.195313 80330.843750 52150.355469
  24           "ch" 5709  27220.142578 26948.271484 20736.556641
  25           "dg"  232  1227.727173 1015.381592 752.403503
  26           "dj" 3597  10494.164063 11060.322266 10662.391602
  27           "dz"  284  934.851257 1169.951538 853.072754
  28           "ee" 6604  16757.603516 34202.292969 21253.425781
  29           "ii" 22811  54624.066406 88626.304688 60101.488281
  30           "n0"    0    0.000000   0.000000   0.000000
  31           "n1"    0    0.000000   0.000000   0.000000
  32           "n2"    0    0.000000   0.000000   0.000000
  33           "n3"    0    0.000000   0.000000   0.000000
  34           "n4"    0    0.000000   0.000000   0.000000
  35           "n5"    0    0.000000   0.000000   0.000000
  36           "mg"  172  501.890137 595.923950 422.861969
  37           "ng"  692  1986.594849 2387.967285 1755.107178
  38           "nj" 12506  39535.480469 27956.794922 32029.134766
  39           "oo"  267  1098.615845 1923.180420 1127.465576
  40           "rs" 3762  12935.990234 13151.662109 8322.312500
  41           "rz" 2991  8848.047852 10786.337891 7022.920898
  42           "sh" 6112  21465.857422 31653.910156 18605.988281
  43           "si" 34432  686355.437500 288451.406250 481902.968750
  44           "tj" 5250  23170.625000 17666.212891 9352.265625
  45           "ts" 8667  41542.304688 35641.203125 28469.263672
  46           "uu" 3902  12276.121094 20261.007813 13490.590820
  47           "zh" 4943  14224.364258 21284.851563 12962.867188
  48          "swa"    0    0.000000   0.000000   0.000000
